#  Chi is reported as CHI_(i)_(j) \hbar \omega (meV)  Re(chi) (mu_B^2/meV) Im(chi) (mu_B^2/meV) 
     chi_1_2=  0.000000000000000E+00  -.438161487719730E-02  -.188736698750589E-02
     chi_2_2=  0.000000000000000E+00  0.575397949816709E-01  0.638990490071985E-05
     chi_3_2=  0.000000000000000E+00  -.958995348365558E-11  -.470761617081816E-10
     chi_1_2=  0.100000000000000E+00  -.438301492909693E-02  -.101224631928295E-02
     chi_2_2=  0.100000000000000E+00  0.575421366783858E-01  0.171765107261407E-04
     chi_3_2=  0.100000000000000E+00  -.109628024491020E-10  -.473348639606047E-10
     chi_1_2=  0.200000000000000E+00  -.438521225937260E-02  -.136768367162253E-03
     chi_2_2=  0.200000000000000E+00  0.575466302129748E-01  0.279740843892721E-04
     chi_3_2=  0.200000000000000E+00  -.123366750860299E-10  -.475969158167349E-10
     chi_1_2=  0.300000000000000E+00  -.438820856745910E-02  0.739225666050424E-03
     chi_2_2=  0.300000000000000E+00  0.575532781473776E-01  0.387865352700795E-04
     chi_3_2=  0.300000000000000E+00  -.137118297827368E-10  -.478623711256900E-10
     chi_1_2=  0.400000000000000E+00  -.439200604516605E-02  0.161589496210804E-02
     chi_2_2=  0.400000000000000E+00  0.575620838208091E-01  0.496177879278634E-04
     chi_3_2=  0.400000000000000E+00  -.150885256498125E-10  -.481312853706084E-10
     chi_1_2=  0.500000000000000E+00  -.439660737970020E-02  0.249339918501439E-02
     chi_2_2=  0.500000000000000E+00  0.575730513531105E-01  0.604717857398224E-04
     chi_3_2=  0.500000000000000E+00  -.164670226781656E-10  -.484037157070695E-10
     chi_1_2=  0.600000000000000E+00  -.440201575733319E-02  0.337189857937308E-02
     chi_2_2=  0.600000000000000E+00  0.575861856488166E-01  0.713524945733724E-04
     chi_3_2=  0.600000000000000E+00  -.178475818981417E-10  -.486797210034406E-10
     chi_1_2=  0.700000000000000E+00  -.440823486772404E-02  0.425155406951891E-02
     chi_2_2=  0.700000000000000E+00  0.576014924019481E-01  0.822639064985332E-04
     chi_3_2=  0.700000000000000E+00  -.192304655399330E-10  -.489593618832034E-10
     chi_1_2=  0.800000000000000E+00  -.441526890890531E-02  0.513252735956323E-02
     chi_2_2=  0.800000000000000E+00  0.576189781015463E-01  0.932100435469219E-04
     chi_3_2=  0.800000000000000E+00  -.206159371954898E-10  -.492427007693316E-10
     chi_1_2=  0.900000000000000E+00  -.442312259294453E-02  0.601498103448296E-02
     chi_2_2=  0.900000000000000E+00  0.576386500379557E-01  0.104194961524090E-03
     chi_3_2=  0.900000000000000E+00  -.220042619821462E-10  -.495298019307899E-10
     chi_1_2=  0.100000000000000E+01  -.443180115229409E-02  0.689907866238740E-02
     chi_2_2=  0.100000000000000E+01  0.576605163098482E-01  0.115222753881893E-03
     chi_3_2=  0.100000000000000E+01  -.233957067081641E-10  -.498207315312126E-10
     chi_1_2=  0.110000000000000E+01  -.444131034684418E-02  0.778498489810011E-02
     chi_2_2=  0.110000000000000E+01  0.576845858320356E-01  0.126297555657956E-03
     chi_3_2=  0.110000000000000E+01  -.247905400404283E-10  -.501155576798632E-10
     chi_1_2=  0.120000000000000E+01  -.445165647169430E-02  0.867286558819372E-02
     chi_2_2=  0.120000000000000E+01  0.577108683440510E-01  0.137423547489460E-03
     chi_3_2=  0.120000000000000E+01  -.261890326745045E-10  -.504143504849404E-10
     chi_1_2=  0.130000000000000E+01  -.446284636566121E-02  0.956288787762116E-02
     chi_2_2=  0.130000000000000E+01  0.577393744195383E-01  0.148604959708455E-03
     chi_3_2=  0.130000000000000E+01  -.275914575072909E-10  -.507171821093226E-10
     chi_1_2=  0.140000000000000E+01  -.447488742054440E-02  0.104552203180905E-01
     chi_2_2=  0.140000000000000E+01  0.577701154764481E-01  0.159846076526478E-03
     chi_3_2=  0.140000000000000E+01  -.289980898125026E-10  -.510241268288524E-10
     chi_1_2=  0.150000000000000E+01  -.448778759116837E-02  0.113500329783299E-01
     chi_2_2=  0.150000000000000E+01  0.578031037880743E-01  0.171151240316363E-03
     chi_3_2=  0.150000000000000E+01  -.304092074192201E-10  -.513352610932508E-10
     chi_1_2=  0.160000000000000E+01  -.450155540622649E-02  0.122474975564038E-01
     chi_2_2=  0.160000000000000E+01  0.578383524949350E-01  0.182524855999197E-03
     chi_3_2=  0.160000000000000E+01  -.318250908937562E-10  -.516506635897673E-10
     chi_1_2=  0.170000000000000E+01  -.451619997995200E-02  0.131477874942323E-01
     chi_2_2=  0.170000000000000E+01  0.578758756175379E-01  0.193971395545243E-03
     chi_3_2=  0.170000000000000E+01  -.332460237250940E-10  -.519704153096880E-10
     chi_1_2=  0.180000000000000E+01  -.453173102464180E-02  0.140510780944844E-01
     chi_2_2=  0.180000000000000E+01  0.579156880700342E-01  0.205495402597205E-03
     chi_3_2=  0.180000000000000E+01  -.346722925141542E-10  -.522945996178049E-10
     chi_1_2=  0.190000000000000E+01  -.454815886406494E-02  0.149575466400103E-01
     chi_2_2=  0.190000000000000E+01  0.579578056747962E-01  0.217101497225367E-03
     chi_3_2=  0.190000000000000E+01  -.361041871671685E-10  -.526233023249791E-10
     chi_1_2=  0.200000000000000E+01  -.456549444778710E-02  0.158673725159931E-01
     chi_2_2=  0.200000000000000E+01  0.580022451779511E-01  0.228794380823983E-03
     chi_3_2=  0.200000000000000E+01  -.375420010934399E-10  -.529566117639390E-10
     chi_1_2=  0.210000000000000E+01  -.458374936644298E-02  0.167807373349982E-01
     chi_2_2=  0.210000000000000E+01  0.580490242658803E-01  0.240578841158913E-03
     chi_3_2=  0.210000000000000E+01  -.389860314077721E-10  -.532946188684306E-10
     chi_1_2=  0.220000000000000E+01  -.460293586799744E-02  0.176978250651110E-01
     chi_2_2=  0.220000000000000E+01  0.580981615827337E-01  0.252459757576871E-03
     chi_3_2=  0.220000000000000E+01  -.404365791378806E-10  -.536374172558914E-10
     chi_1_2=  0.230000000000000E+01  -.462306687503241E-02  0.186188221613630E-01
     chi_2_2=  0.230000000000000E+01  0.581496767489846E-01  0.264442106387490E-03
     chi_3_2=  0.230000000000000E+01  -.418939494370931E-10  -.539851033137960E-10
     chi_1_2=  0.240000000000000E+01  -.464415600310155E-02  0.195439177006446E-01
     chi_2_2=  0.240000000000000E+01  0.582035903810537E-01  0.276530966429286E-03
     chi_3_2=  0.240000000000000E+01  -.433584518026611E-10  -.543377762898324E-10
     chi_1_2=  0.250000000000000E+01  -.466621758020019E-02  0.204733035203218E-01
     chi_2_2=  0.250000000000000E+01  0.582599241120519E-01  0.288731524831800E-03
     chi_3_2=  0.250000000000000E+01  -.448304003000311E-10  -.546955383860987E-10
     chi_1_2=  0.260000000000000E+01  -.468926666739683E-02  0.214071743607795E-01
     chi_2_2=  0.260000000000000E+01  0.583187006136675E-01  0.301049082986548E-03
     chi_3_2=  0.260000000000000E+01  -.463101137934199E-10  -.550584948574955E-10
     chi_1_2=  0.270000000000000E+01  -.471331908067934E-02  0.223457280121213E-01
     chi_2_2=  0.270000000000000E+01  0.583799436192561E-01  0.313489062739862E-03
     chi_3_2=  0.270000000000000E+01  -.477979161830665E-10  -.554267541145172E-10
     chi_1_2=  0.280000000000000E+01  -.473839141407106E-02  0.232891654652664E-01
     chi_2_2=  0.280000000000000E+01  0.584436779481594E-01  0.326057012822038E-03
     chi_3_2=  0.280000000000000E+01  -.492941366495460E-10  -.558004278306474E-10
     chi_1_2=  0.290000000000000E+01  -.476450106407483E-02  0.242376910677012E-01
     chi_2_2=  0.290000000000000E+01  0.585099295313086E-01  0.338758615527017E-03
     chi_3_2=  0.290000000000000E+01  -.507991099055391E-10  -.561796310545766E-10
     chi_1_2=  0.300000000000000E+01  -.479166625551062E-02  0.251915126841496E-01
     chi_2_2=  0.300000000000000E+01  0.585787254381776E-01  0.351599693658716E-03
     chi_3_2=  0.300000000000000E+01  -.523131764554965E-10  -.565644823274912E-10
     chi_1_2=  0.310000000000000E+01  -.481990606881084E-02  0.261508418624327E-01
     chi_2_2=  0.310000000000000E+01  0.586500939051029E-01  0.364586217760030E-03
     chi_3_2=  0.310000000000000E+01  -.538366828636095E-10  -.569551038056543E-10
     chi_1_2=  0.320000000000000E+01  -.484924046884786E-02  0.271158940048234E-01
     chi_2_2=  0.320000000000000E+01  0.587240643650652E-01  0.377724313642217E-03
     chi_3_2=  0.320000000000000E+01  -.553699820305821E-10  -.573516213885700E-10
     chi_1_2=  0.330000000000000E+01  -.487969033537050E-02  0.280868885451877E-01
     chi_2_2=  0.330000000000000E+01  0.588006674789794E-01  0.391020270232946E-03
     chi_3_2=  0.330000000000000E+01  -.569134334796586E-10  -.577541648529958E-10
     chi_1_2=  0.340000000000000E+01  -.491127749512868E-02  0.290640491322381E-01
     chi_2_2=  0.340000000000000E+01  0.588799351685373E-01  0.404480547762284E-03
     chi_3_2=  0.340000000000000E+01  -.584674036524324E-10  -.581628679930905E-10
     chi_1_2=  0.350000000000000E+01  -.494402475577686E-02  0.300476038192383E-01
     chi_2_2=  0.350000000000000E+01  0.589619006506988E-01  0.418111786307639E-03
     chi_3_2=  0.350000000000000E+01  -.600322662149553E-10  -.585778687670216E-10
     chi_1_2=  0.360000000000000E+01  -.497795594164770E-02  0.310377852605141E-01
     chi_2_2=  0.360000000000000E+01  0.590465984738934E-01  0.431920814719341E-03
     chi_3_2=  0.360000000000000E+01  -.616084023747256E-10  -.589993094503680E-10
     chi_1_2=  0.370000000000000E+01  -.501309593149651E-02  0.320348309151372E-01
     chi_2_2=  0.370000000000000E+01  0.591340645560008E-01  0.445914659949990E-03
     chi_3_2=  0.370000000000000E+01  -.631962012091238E-10  -.594273367966545E-10
     chi_1_2=  0.380000000000000E+01  -.504947069832155E-02  0.330389832581858E-01
     chi_2_2=  0.380000000000000E+01  0.592243362242029E-01  0.460100556812497E-03
     chi_3_2=  0.380000000000000E+01  -.647960600059360E-10  -.598621022054088E-10
     chi_1_2=  0.390000000000000E+01  -.508710735137456E-02  0.340504899999811E-01
     chi_2_2=  0.390000000000000E+01  0.593174522567776E-01  0.474485958192636E-03
     chi_3_2=  0.390000000000000E+01  -.664083846165910E-10  -.603037618981183E-10
     chi_1_2=  0.400000000000000E+01  -.512603418048263E-02  0.350696043137530E-01
     chi_2_2=  0.400000000000000E+01  0.594134529269476E-01  0.489078545744433E-03
     chi_3_2=  0.400000000000000E+01  -.680335898228355E-10  -.607524771025326E-10
     chi_1_2=  0.410000000000000E+01  -.516628070280997E-02  0.360965850721829E-01
     chi_2_2=  0.410000000000000E+01  0.595123800488599E-01  0.503886241097515E-03
     chi_3_2=  0.410000000000000E+01  -.696720997175354E-10  -.612084142457381E-10
     chi_1_2=  0.420000000000000E+01  -.520787771219869E-02  0.371316970933132E-01
     chi_2_2=  0.420000000000000E+01  0.596142770257994E-01  0.518917217608440E-03
     chi_3_2=  0.420000000000000E+01  -.713243481003923E-10  -.616717451564855E-10
     chi_1_2=  0.430000000000000E+01  -.525085733123610E-02  0.381752113963438E-01
     chi_2_2=  0.430000000000000E+01  0.597191889007710E-01  0.534179912689294E-03
     chi_3_2=  0.430000000000000E+01  -.729907788893793E-10  -.621426472772940E-10
     chi_1_2=  0.440000000000000E+01  -.529525306620510E-02  0.392274054678502E-01
     chi_2_2=  0.440000000000000E+01  0.598271624095266E-01  0.549683040749454E-03
     chi_3_2=  0.440000000000000E+01  -.746718465487407E-10  -.626213038868411E-10
     chi_1_2=  0.450000000000000E+01  -.534109986508870E-02  0.402885635389967E-01
     chi_2_2=  0.450000000000000E+01  0.599382460361863E-01  0.565435606788725E-03
     chi_3_2=  0.450000000000000E+01  -.763680165344617E-10  -.631079043332339E-10
     chi_1_2=  0.460000000000000E+01  -.538843417880761E-02  0.413589768743666E-01
     chi_2_2=  0.460000000000000E+01  0.600524900715804E-01  0.581446920682827E-03
     chi_3_2=  0.460000000000000E+01  -.780797657581698E-10  -.636026442787650E-10
     chi_1_2=  0.470000000000000E+01  -.543729402588407E-02  0.424389440730373E-01
     chi_2_2=  0.470000000000000E+01  0.601699466744389E-01  0.597726612204461E-03
     chi_3_2=  0.470000000000000E+01  -.798075830704663E-10  -.641057259568020E-10
     chi_1_2=  0.480000000000000E+01  -.548771906073930E-02  0.435287713825839E-01
     chi_2_2=  0.480000000000000E+01  0.602906699355804E-01  0.614284646826317E-03
     chi_3_2=  0.480000000000000E+01  -.815519697647490E-10  -.646173584414963E-10
     chi_1_2=  0.490000000000000E+01  -.553975064584627E-02  0.446287730267510E-01
     chi_2_2=  0.490000000000000E+01  0.604147159452683E-01  0.631131342356706E-03
     chi_3_2=  0.490000000000000E+01  -.833134401026910E-10  -.651377579310726E-10
     chi_1_2=  0.500000000000000E+01  -.559343192797478E-02  0.457392715475359E-01
     chi_2_2=  0.500000000000000E+01  0.605421428638783E-01  0.648277386459657E-03
     chi_3_2=  0.500000000000000E+01  -.850925218625287E-10  -.656671480454569E-10
     chi_1_2=  0.510000000000000E+01  -.564880791878135E-02  0.468605981625102E-01
     chi_2_2=  0.510000000000000E+01  0.606730109960657E-01  0.665733855117410E-03
     chi_3_2=  0.510000000000000E+01  -.868897569114556E-10  -.662057601390991E-10
     chi_1_2=  0.520000000000000E+01  -.570592558002150E-02  0.479930931382528E-01
     chi_2_2=  0.520000000000000E+01  0.608073828686280E-01  0.683512232096357E-03
     chi_3_2=  0.520000000000000E+01  -.887057018034911E-10  -.667538336298986E-10
     chi_1_2=  0.530000000000000E+01  -.576483391366994E-02  0.491371061807765E-01
     chi_2_2=  0.530000000000000E+01  0.609453233122310E-01  0.701624429480389E-03
     chi_3_2=  0.530000000000000E+01  -.905409284041874E-10  -.673116163451550E-10
     chi_1_2=  0.540000000000000E+01  -.582558405727110E-02  0.502929968439856E-01
     chi_2_2=  0.540000000000000E+01  0.610868995472700E-01  0.720082809344222E-03
     chi_3_2=  0.540000000000000E+01  -.923960245438009E-10  -.678793648856300E-10
     chi_1_2=  0.550000000000000E+01  -.588822938484783E-02  0.514611349571241E-01
     chi_2_2=  0.550000000000000E+01  0.612321812740010E-01  0.738900206638914E-03
     chi_3_2=  0.550000000000000E+01  -.942715947004094E-10  -.684573450087251E-10
     chi_1_2=  0.560000000000000E+01  -.595282561374002E-02  0.526419010723961E-01
     chi_2_2=  0.560000000000000E+01  0.613812407672906E-01  0.758089953373163E-03
     chi_3_2=  0.560000000000000E+01  -.961682607148391E-10  -.690458320320552E-10
     chi_1_2=  0.570000000000000E+01  -.601943091775554E-02  0.538356869338781E-01
     chi_2_2=  0.570000000000000E+01  0.615341529761552E-01  0.777665904174968E-03
     chi_3_2=  0.570000000000000E+01  -.980866625391052E-10  -.696451112585819E-10
     chi_1_2=  0.580000000000000E+01  -.608810604705551E-02  0.550428959689974E-01
     chi_2_2=  0.580000000000000E+01  0.616909956283949E-01  0.797642463327617E-03
     chi_3_2=  0.580000000000000E+01  -.100027459020372E-09  -.702554784246907E-10
     chi_1_2=  0.590000000000000E+01  -.615891445522576E-02  0.562639438039209E-01
     chi_2_2=  0.590000000000000E+01  0.618518493406384E-01  0.818034613380940E-03
     chi_3_2=  0.590000000000000E+01  -.101991328722509E-09  -.708772401726612E-10
     chi_1_2=  0.599999999999999E+01  -.623192243401718E-02  0.574992588042612E-01
     chi_2_2=  0.599999999999999E+01  0.620167977340649E-01  0.838857945444477E-03
     chi_3_2=  0.599999999999999E+01  -.103978970787415E-09  -.715107145490452E-10
     chi_1_2=  0.609999999999999E+01  -.630719925628004E-02  0.587492826426210E-01
     chi_2_2=  0.609999999999999E+01  0.621859275561684E-01  0.860128691279425E-03
     chi_3_2=  0.609999999999999E+01  -.105991105838482E-09  -.721562315306265E-10
     chi_1_2=  0.619999999999999E+01  -.638481732765708E-02  0.600144708946235E-01
     chi_2_2=  0.619999999999999E+01  0.623593288089160E-01  0.881863757315026E-03
     chi_3_2=  0.619999999999999E+01  -.108028476928717E-09  -.728141335797456E-10
     chi_1_2=  0.629999999999999E+01  -.646485234763955E-02  0.612952936651137E-01
     chi_2_2=  0.629999999999999E+01  0.625370948836643E-01  0.904080760723033E-03
     chi_3_2=  0.629999999999999E+01  -.110091850536168E-09  -.734847762308738E-10
     chi_1_2=  0.639999999999999E+01  -.654738348064913E-02  0.625922362464408E-01
     chi_2_2=  0.639999999999999E+01  0.627193227032694E-01  0.926798067697480E-03
     chi_3_2=  0.639999999999999E+01  -.112182017609555E-09  -.741685287105264E-10
     chi_1_2=  0.649999999999999E+01  -.663249353784935E-02  0.639057998107609E-01
     chi_2_2=  0.649999999999999E+01  0.629061128718024E-01  0.950034834096191E-03
     chi_3_2=  0.649999999999999E+01  -.114299794667125E-09  -.748657745926890E-10
     chi_1_2=  0.659999999999999E+01  -.672026917045518E-02  0.652365021384890E-01
     chi_2_2=  0.659999999999999E+01  0.630975698323406E-01  0.973811048613702E-03
     chi_3_2=  0.659999999999999E+01  -.116446024952001E-09  -.755769124921445E-10
     chi_1_2=  0.669999999999999E+01  -.681080107536973E-02  0.665848783851958E-01
     chi_2_2=  0.669999999999999E+01  0.632938020333476E-01  0.998147578670292E-03
     chi_3_2=  0.669999999999999E+01  -.118621579647549E-09  -.763023567982649E-10
     chi_1_2=  0.679999999999999E+01  -.690418421404645E-02  0.679514818893483E-01
     chi_2_2=  0.679999999999999E+01  0.634949221041686E-01  0.102306621921511E-02
     chi_3_2=  0.679999999999999E+01  -.120827359156465E-09  -.770425384520198E-10
     chi_1_2=  0.689999999999999E+01  -.700051804554407E-02  0.693368850235319E-01
     chi_2_2=  0.689999999999999E+01  0.637010470402179E-01  0.104858974465894E-02
     chi_3_2=  0.689999999999999E+01  -.123064294447598E-09  -.777979057691682E-10
     chi_1_2=  0.699999999999999E+01  -.709990677483186E-02  0.707416800919341E-01
     chi_2_2=  0.699999999999999E+01  0.639122983984758E-01  0.107474196416994E-02
     chi_3_2=  0.699999999999999E+01  -.125333348474803E-09  -.785689253128478E-10
     chi_1_2=  0.709999999999999E+01  -.720245961748177E-02  0.721664802771014E-01
     chi_2_2=  0.709999999999999E+01  0.641288025039476E-01  0.110154778058446E-02
     chi_3_2=  0.709999999999999E+01  -.127635517672415E-09  -.793560828190122E-10
     chi_1_2=  0.719999999999999E+01  -.730829108199191E-02  0.736119206392024E-01
     chi_2_2=  0.719999999999999E+01  0.643506906678279E-01  0.112903325320861E-02
     chi_3_2=  0.719999999999999E+01  -.129971833532291E-09  -.801598841784818E-10
     chi_1_2=  0.729999999999999E+01  -.741752127108139E-02  0.750786591712625E-01
     chi_2_2=  0.729999999999999E+01  0.645780994180950E-01  0.115722566480736E-02
     chi_3_2=  0.729999999999999E+01  -.132343364267707E-09  -.809808564796244E-10
     chi_1_2=  0.739999999999999E+01  -.753027620342103E-02  0.765673779140968E-01
     chi_2_2=  0.739999999999999E+01  0.648111707433855E-01  0.118615359310510E-02
     chi_3_2=  0.739999999999999E+01  -.134751216569788E-09  -.818195491160542E-10
     chi_1_2=  0.749999999999999E+01  -.764668815739117E-02  0.780787841349612E-01
     chi_2_2=  0.749999999999999E+01  0.650500523510326E-01  0.121584698715054E-02
     chi_3_2=  0.749999999999999E+01  -.137196537462616E-09  -.826765349640992E-10
     chi_1_2=  0.759999999999999E+01  -.776689603859608E-02  0.796136115742547E-01
     chi_2_2=  0.759999999999999E+01  0.652948979402142E-01  0.124633724892796E-02
     chi_3_2=  0.759999999999999E+01  -.139680516263571E-09  -.835524116351561E-10
     chi_1_2=  0.769999999999999E+01  -.789104577301992E-02  0.811726217649241E-01
     chi_2_2=  0.769999999999999E+01  0.655458674912465E-01  0.127765732063308E-02
     chi_3_2=  0.769999999999999E+01  -.142204386655984E-09  -.844478028085082E-10
     chi_1_2=  0.779999999999999E+01  -.801929072788448E-02  0.827566054296112E-01
     chi_2_2=  0.779999999999999E+01  0.658031275721404E-01  0.130984177806882E-02
     chi_3_2=  0.779999999999999E+01  -.144769428881753E-09  -.853633596506705E-10
     chi_1_2=  0.789999999999999E+01  -.815179216244613E-02  0.843663839609484E-01
     chi_2_2=  0.789999999999999E+01  0.660668516636023E-01  0.134292693065646E-02
     chi_3_2=  0.789999999999999E+01  -.147376972062088E-09  -.862997623277900E-10
     chi_1_2=  0.799999999999999E+01  -.828871971118761E-02  0.860028109908993E-01
     chi_2_2=  0.799999999999999E+01  0.663372205037923E-01  0.137695092860519E-02
     chi_3_2=  0.799999999999999E+01  -.150028396655310E-09  -.872577216182887E-10
     chi_1_2=  0.809999999999999E+01  -.843025190207774E-02  0.876667740554461E-01
     chi_2_2=  0.809999999999999E+01  0.666144224542308E-01  0.141195387783315E-02
     chi_3_2=  0.809999999999999E+01  -.152725137061215E-09  -.882379806334795E-10
     chi_1_2=  0.819999999999999E+01  -.857657671283235E-02  0.893591963614921E-01
     chi_2_2=  0.819999999999999E+01  0.668986538883743E-01  0.144797796328656E-02
     chi_3_2=  0.819999999999999E+01  -.155468684382354E-09  -.892413166546387E-10
     chi_1_2=  0.829999999999999E+01  -.872789216838284E-02  0.910810386633989E-01
     chi_2_2=  0.829999999999999E+01  0.671901196044789E-01  0.148506758136872E-02
     chi_3_2=  0.829999999999999E+01  -.158260589353385E-09  -.902685430957390E-10
     chi_1_2=  0.839999999999999E+01  -.888440698306574E-02  0.928333012572006E-01
     chi_2_2=  0.839999999999999E+01  0.674890332645732E-01  0.152326948225550E-02
     chi_3_2=  0.839999999999999E+01  -.161102465450587E-09  -.913205116019230E-10
     chi_1_2=  0.849999999999999E+01  -.904634125139404E-02  0.946170261011947E-01
     chi_2_2=  0.849999999999999E+01  0.677956178614100E-01  0.156263292295131E-02
     chi_3_2=  0.849999999999999E+01  -.163995992194576E-09  -.923981142946818E-10
     chi_1_2=  0.859999999999999E+01  -.921392719164091E-02  0.964332990723714E-01
     chi_2_2=  0.859999999999999E+01  0.681101062155396E-01  0.160320983202167E-02
     chi_3_2=  0.859999999999999E+01  -.166942918660387E-09  -.935022861757503E-10
     chi_1_2=  0.869999999999999E+01  -.938740994689219E-02  0.982832523689573E-01
     chi_2_2=  0.869999999999999E+01  0.684327415047361E-01  0.164505498703362E-02
     chi_3_2=  0.869999999999999E+01  -.169945067210277E-09  -.946340077028577E-10
     chi_1_2=  0.879999999999998E+01  -.956704844868715E-02  0.100168067070231E+00
     chi_2_2=  0.879999999999998E+01  0.687637778282731E-01  0.168822620583531E-02
     chi_3_2=  0.879999999999998E+01  -.173004337465887E-09  -.957943075517082E-10
     chi_1_2=  0.889999999999998E+01  -.975311634888616E-02  0.102088975865739E+00
     chi_2_2=  0.889999999999998E+01  0.691034808087016E-01  0.173278455292287E-02
     chi_3_2=  0.889999999999998E+01  -.176122710537817E-09  -.969842655799389E-10
     chi_1_2=  0.899999999999998E+01  -.994590302598252E-02  0.104047265967136E+00
     chi_2_2=  0.899999999999998E+01  0.694521282340976E-01  0.177879456227083E-02
     chi_3_2=  0.899999999999998E+01  -.179302253532273E-09  -.982050160103774E-10
     chi_1_2=  0.909999999999998E+01  -.101457146727194E-01  0.106044282217081E+00
     chi_2_2=  0.909999999999998E+01  0.698100107439108E-01  0.182632447814303E-02
     chi_3_2=  0.909999999999998E+01  -.182545124356158E-09  -.994577508525675E-10
     chi_1_2=  0.919999999999998E+01  -.103528754725909E-01  0.108081430410848E+00
     chi_2_2=  0.919999999999998E+01  0.701774325619455E-01  0.187544651556088E-02
     chi_3_2=  0.919999999999998E+01  -.185853576843801E-09  -.100743723583461E-09
     chi_1_2=  0.929999999999998E+01  -.105677288736091E-01  0.110160180847843E+00
     chi_2_2=  0.929999999999998E+01  0.705547122802125E-01  0.192623714228425E-02
     chi_3_2=  0.929999999999998E+01  -.189229966230691E-09  -.102064253110238E-09
     chi_1_2=  0.939999999999998E+01  -.107906389686234E-01  0.112282072131753E+00
     chi_2_2=  0.939999999999998E+01  0.709421836978345E-01  0.197877738435809E-02
     chi_3_2=  0.939999999999998E+01  -.192676755001821E-09  -.103420728040611E-09
     chi_1_2=  0.949999999999998E+01  -.110219919924778E-01  0.114448715239836E+00
     chi_2_2=  0.949999999999998E+01  0.713401967195393E-01  0.203315315750205E-02
     chi_3_2=  0.949999999999998E+01  -.196196519144757E-09  -.104814611288531E-09
     chi_1_2=  0.959999999999998E+01  -.112621979474269E-01  0.116661797883767E+00
     chi_2_2=  0.959999999999998E+01  0.717491183186668E-01  0.208945562686797E-02
     chi_3_2=  0.959999999999998E+01  -.199791954840337E-09  -.106247445046133E-09
     chi_1_2=  0.969999999999998E+01  -.115116923695013E-01  0.118923089186666E+00
     chi_2_2=  0.969999999999998E+01  0.721693335701694E-01  0.214778159797351E-02
     chi_3_2=  0.969999999999998E+01  -.203465885627014E-09  -.107720856156050E-09
     chi_1_2=  0.979999999999998E+01  -.117709382499428E-01  0.121234444703295E+00
     chi_2_2=  0.979999999999998E+01  0.726012467595639E-01  0.220823394193653E-02
     chi_3_2=  0.979999999999998E+01  -.207221270078192E-09  -.109236561921859E-09
     chi_1_2=  0.989999999999998E+01  -.120404281274308E-01  0.123597811813025E+00
     chi_2_2=  0.989999999999998E+01  0.730452825743774E-01  0.227092205848707E-02
     chi_3_2=  0.989999999999998E+01  -.211061210035719E-09  -.110796376398501E-09
     chi_1_2=  0.999999999999998E+01  -.123206863686445E-01  0.126015235518154E+00
     chi_2_2=  0.999999999999998E+01  0.735018873853055E-01  0.233596238063880E-02
     chi_3_2=  0.999999999999998E+01  -.214988959446742E-09  -.112402217209084E-09
     chi_1_2=  0.101000000000000E+02  -.126122716567566E-01  0.128488864683466E+00
     chi_2_2=  0.101000000000000E+02  0.739715306250001E-01  0.240347892535485E-02
     chi_3_2=  0.101000000000000E+02  -.219007933855933E-09  -.114056112939739E-09
     chi_1_2=  0.102000000000000E+02  -.129157797097654E-01  0.131020958756489E+00
     chi_2_2=  0.102000000000000E+02  0.744547062732497E-01  0.247360389505484E-02
     chi_3_2=  0.102000000000000E+02  -.223121720610061E-09  -.115760211169896E-09
     chi_1_2=  0.103000000000000E+02  -.132318462532056E-01  0.133613895012021E+00
     chi_2_2=  0.103000000000000E+02  0.749519344581459E-01  0.254647833539077E-02
     chi_3_2=  0.103000000000000E+02  -.227334089837565E-09  -.117516787201951E-09
     chi_1_2=  0.104000000000000E+02  -.135611502747693E-01  0.136270176369084E+00
     chi_2_2=  0.104000000000000E+02  0.754637631839399E-01  0.262225285538485E-02
     chi_3_2=  0.104000000000000E+02  -.231649006272283E-09  -.119328253561739E-09
     chi_1_2=  0.105000000000000E+02  -.139044175917344E-01  0.138992439833407E+00
     chi_2_2=  0.105000000000000E+02  0.759907701972768E-01  0.270108841676079E-02
     chi_3_2=  0.105000000000000E+02  -.236070641997258E-09  -.121197170349473E-09
     chi_1_2=  0.106000000000000E+02  -.142624247659922E-01  0.141783465624409E+00
     chi_2_2=  0.106000000000000E+02  0.765335650049075E-01  0.278315720016909E-02
     chi_3_2=  0.106000000000000E+02  -.240603390192715E-09  -.123126256530438E-09
     chi_1_2=  0.107000000000000E+02  -.146360034058407E-01  0.144646187051891E+00
     chi_2_2=  0.107000000000000E+02  0.770927910572698E-01  0.286864355696846E-02
     chi_3_2=  0.107000000000000E+02  -.245251879980841E-09  -.125118402265403E-09
     chi_1_2=  0.108000000000000E+02  -.150260448987439E-01  0.147583701214790E+00
     chi_2_2=  0.108000000000000E+02  0.776691281139572E-01  0.295774505634147E-02
     chi_3_2=  0.108000000000000E+02  -.250020992469812E-09  -.127176682392880E-09
     chi_1_2=  0.109000000000000E+02  -.154335056250351E-01  0.150599280602594E+00
     chi_2_2=  0.109000000000000E+02  0.782632948088927E-01  0.305067363880211E-02
     chi_3_2=  0.109000000000000E+02  -.254915878110755E-09  -.129304371189477E-09
     chi_1_2=  0.110000000000000E+02  -.158594127090933E-01  0.153696385688716E+00
     chi_2_2=  0.110000000000000E+02  0.788760514349787E-01  0.314765688859973E-02
     chi_3_2=  0.110000000000000E+02  -.259941975493068E-09  -.131504958550168E-09
     chi_1_2=  0.111000000000000E+02  -.163048703721711E-01  0.156878678615778E+00
     chi_2_2=  0.111000000000000E+02  0.795082029703247E-01  0.324893943921641E-02
     chi_3_2=  0.111000000000000E+02  -.265105031718052E-09  -.133782167748793E-09
     chi_1_2=  0.112000000000000E+02  -.167710669596903E-01  0.160150038083781E+00
     chi_2_2=  0.112000000000000E+02  0.801606023705909E-01  0.335478452806768E-02
     chi_3_2=  0.112000000000000E+02  -.270411124505407E-09  -.136139974959465E-09
     chi_1_2=  0.113000000000000E+02  -.172592827259582E-01  0.163514575565679E+00
     chi_2_2=  0.113000000000000E+02  0.808341541550190E-01  0.346547571875585E-02
     chi_3_2=  0.113000000000000E+02  -.275866686205454E-09  -.138582630743774E-09
     chi_1_2=  0.114000000000000E+02  -.177708984708223E-01  0.166976652989207E+00
     chi_2_2=  0.114000000000000E+02  0.815298183168383E-01  0.358131881178743E-02
     chi_3_2=  0.114000000000000E+02  -.281478529908723E-09  -.141114683735692E-09
     chi_1_2=  0.115000000000000E+02  -.183074051362614E-01  0.170540902040801E+00
     chi_2_2=  0.115000000000000E+02  0.822486145925438E-01  0.370264396764241E-02
     chi_3_2=  0.115000000000000E+02  -.287253877867184E-09  -.143741006787807E-09
     chi_1_2=  0.116000000000000E+02  -.188704144865128E-01  0.174212245266330E+00
     chi_2_2=  0.116000000000000E+02  0.829916271286779E-01  0.382980806954336E-02
     chi_3_2=  0.116000000000000E+02  -.293200392465994E-09  -.146466825878741E-09
     chi_1_2=  0.117000000000000E+02  -.194616710135012E-01  0.177995919165167E+00
     chi_2_2=  0.117000000000000E+02  0.837600095896150E-01  0.396319735728001E-02
     chi_3_2=  0.117000000000000E+02  -.299326210013098E-09  -.149297752123776E-09
     chi_1_2=  0.118000000000000E+02  -.200830652304483E-01  0.181897499498433E+00
     chi_2_2=  0.118000000000000E+02  0.845549907551635E-01  0.410323036812566E-02
     chi_3_2=  0.118000000000000E+02  -.305639977645375E-09  -.152239817279135E-09
     chi_1_2=  0.119000000000000E+02  -.207366485413238E-01  0.185922929060912E+00
     chi_2_2=  0.119000000000000E+02  0.853778806632235E-01  0.425036122635842E-02
     chi_3_2=  0.119000000000000E+02  -.312150893686821E-09  -.155299513187364E-09
     chi_1_2=  0.120000000000000E+02  -.214246499026624E-01  0.190078548197801E+00
     chi_2_2=  0.120000000000000E+02  0.862300773596675E-01  0.440508332928579E-02
     chi_3_2=  0.120000000000000E+02  -.318868751834515E-09  -.158483835676673E-09
     chi_1_2=  0.121000000000000E+02  -.221494945282878E-01  0.194371128384731E+00
     chi_2_2=  0.121000000000000E+02  0.871130743258937E-01  0.456793348519951E-02
     chi_3_2=  0.121000000000000E+02  -.325803989595114E-09  -.161800333504266E-09
     chi_1_2=  0.122000000000000E+02  -.229138249274322E-01  0.198807909231618E+00
     chi_2_2=  0.122000000000000E+02  0.880284686638301E-01  0.473949656751918E-02
     chi_3_2=  0.122000000000000E+02  -.332967741447196E-09  -.165257163023422E-09
     chi_1_2=  0.123000000000000E+02  -.237205246139119E-01  0.203396639319603E+00
     chi_2_2=  0.123000000000000E+02  0.889779701288919E-01  0.492041075982666E-02
     chi_3_2=  0.123000000000000E+02  -.340371897265070E-09  -.168863149359568E-09
     chi_1_2=  0.124000000000000E+02  -.245727448798344E-01  0.208145621336545E+00
     chi_2_2=  0.124000000000000E+02  0.899634111139115E-01  0.511137347883047E-02
     chi_3_2=  0.124000000000000E+02  -.348029166608408E-09  -.172627855004682E-09
     chi_1_2=  0.125000000000000E+02  -.254739350934578E-01  0.213063762040892E+00
     chi_2_2=  0.125000000000000E+02  0.909867577011840E-01  0.531314807694143E-02
     chi_3_2=  0.125000000000000E+02  -.355953149559864E-09  -.176561656885263E-09
     chi_1_2=  0.126000000000000E+02  -.264278770596743E-01  0.218160627658944E+00
     chi_2_2=  0.126000000000000E+02  0.920501219165445E-01  0.552657144357872E-02
     chi_3_2=  0.126000000000000E+02  -.364158414882754E-09  -.180675833132352E-09
     chi_1_2=  0.127000000000000E+02  -.274387240754934E-01  0.223446505406796E+00
     chi_2_2=  0.127000000000000E+02  0.931557753383252E-01  0.575256264510020E-02
     chi_3_2=  0.127000000000000E+02  -.372660586372516E-09  -.184982660986653E-09
     chi_1_2=  0.128000000000000E+02  -.285110454254812E-01  0.228932471928937E+00
     chi_2_2=  0.128000000000000E+02  0.943061642364533E-01  0.599213276815601E-02
     chi_3_2=  0.128000000000000E+02  -.381476438392649E-09  -.189495527515814E-09
     chi_1_2=  0.129000000000000E+02  -.296498771971776E-01  0.234630469562356E+00
     chi_2_2=  0.129000000000000E+02  0.955039264427221E-01  0.624639616114437E-02
     chi_3_2=  0.129000000000000E+02  -.390624001719495E-09  -.194229055111631E-09
     chi_1_2=  0.130000000000000E+02  -.308607804593073E-01  0.240553391471016E+00
     chi_2_2=  0.130000000000000E+02  0.967519101833619E-01  0.651658330446078E-02
     chi_3_2=  0.130000000000000E+02  -.400122680972966E-09  -.199199244082902E-09
     chi_1_2=  0.131000000000000E+02  -.321499080423466E-01  0.246715176854423E+00
     chi_2_2=  0.131000000000000E+02  0.980531951402306E-01  0.680405558375572E-02
     chi_3_2=  0.131000000000000E+02  -.409993385085479E-09  -.204423635077489E-09
     chi_1_2=  0.132000000000000E+02  -.335240813997358E-01  0.253130917619856E+00
     chi_2_2=  0.132000000000000E+02  0.994111160480122E-01  0.711032229322851E-02
     chi_3_2=  0.132000000000000E+02  -.420258672461834E-09  -.209921494570646E-09
     chi_1_2=  0.133000000000000E+02  -.349908793186144E-01  0.259816978125018E+00
     chi_2_2=  0.133000000000000E+02  0.100829289182847E+00  0.743706026026688E-02
     chi_3_2=  0.133000000000000E+02  -.430942912711489E-09  -.215714027264999E-09
     chi_1_2=  0.134000000000000E+02  -.365587406041644E-01  0.266791129853235E+00
     chi_2_2=  0.134000000000000E+02  0.102311642154362E+00  0.778613656132334E-02
     chi_3_2=  0.134000000000000E+02  -.442072467096610E-09  -.221824619986228E-09
     chi_1_2=  0.135000000000000E+02  -.382370832973780E-01  0.274072703182723E+00
     chi_2_2=  0.135000000000000E+02  0.103862447479271E+00  0.815963489530913E-02
     chi_3_2=  0.135000000000000E+02  -.453675890137062E-09  -.228279122557639E-09
     chi_1_2=  0.136000000000000E+02  -.400364435228658E-01  0.281682758764274E+00
     chi_2_2=  0.136000000000000E+02  0.105486360492741E+00  0.855988629953743E-02
     chi_3_2=  0.136000000000000E+02  -.465784155152314E-09  -.235106172236408E-09
     chi_1_2=  0.137000000000000E+02  -.419686377274094E-01  0.289644281437117E+00
     chi_2_2=  0.137000000000000E+02  0.107188462245661E+00  0.898950504016204E-02
     chi_3_2=  0.137000000000000E+02  -.478430906903649E-09  -.242337569644320E-09
     chi_1_2=  0.138000000000000E+02  -.440469528948995E-01  0.297982400101969E+00
     chi_2_2=  0.138000000000000E+02  0.108974308144189E+00  0.945143069153667E-02
     chi_3_2=  0.138000000000000E+02  -.491652744929922E-09  -.250008715789282E-09
     chi_1_2=  0.139000000000000E+02  -.462863703530600E-01  0.306724637548733E+00
     chi_2_2=  0.139000000000000E+02  0.110849983215852E+00  0.994897764674602E-02
     chi_3_2=  0.139000000000000E+02  -.505489541651349E-09  -.258159121834391E-09
     chi_1_2=  0.140000000000000E+02  -.487038300784113E-01  0.315901194917500E+00
     chi_2_2=  0.140000000000000E+02  0.112822165037223E+00  0.104858935871371E-01
     chi_3_2=  0.140000000000000E+02  -.519984799843182E-09  -.266833005832539E-09
     chi_1_2=  0.141000000000000E+02  -.513185440328632E-01  0.325545276276065E+00
     chi_2_2=  0.141000000000000E+02  0.114898195536209E+00  0.110664287986182E-01
     chi_3_2=  0.141000000000000E+02  -.535186054653327E-09  -.276079993845437E-09
     chi_1_2=  0.142000000000000E+02  -.541523691254389E-01  0.335693459743906E+00
     chi_2_2=  0.142000000000000E+02  0.117086163091304E+00  0.116954186782057E-01
     chi_3_2=  0.142000000000000E+02  -.551145325938484E-09  -.285955946882823E-09
     chi_1_2=  0.143000000000000E+02  -.572302530156163E-01  0.346386122706179E+00
     chi_2_2=  0.143000000000000E+02  0.119394996596667E+00  0.123783823545781E-01
     chi_3_2=  0.143000000000000E+02  -.567919627299684E-09  -.296523940166400E-09
     chi_1_2=  0.144000000000000E+02  -.605807693318407E-01  0.357667929963535E+00
     chi_2_2=  0.144000000000000E+02  0.121834573449836E+00  0.131216410890203E-01
     chi_3_2=  0.144000000000000E+02  -.585571538763165E-09  -.307855427648937E-09
     chi_1_2=  0.145000000000000E+02  -.642367632006075E-01  0.369588395180089E+00
     chi_2_2=  0.145000000000000E+02  0.124415843754474E+00  0.139324610792468E-01
     chi_3_2=  0.145000000000000E+02  -.604169850503921E-09  -.320031632911710E-09
     chi_1_2=  0.146000000000000E+02  -.682361335770422E-01  0.382202527737917E+00
     chi_2_2=  0.146000000000000E+02  0.127150973416702E+00  0.148192265264068E-01
     chi_3_2=  0.146000000000000E+02  -.623790285220338E-09  -.333145218062048E-09
     chi_1_2=  0.147000000000000E+02  -.726227861578761E-01  0.395571579092665E+00
     chi_2_2=  0.147000000000000E+02  0.130053509253094E+00  0.157916504382828E-01
     chi_3_2=  0.147000000000000E+02  -.644516306546367E-09  -.347302295786778E-09
     chi_1_2=  0.148000000000000E+02  -.774478002140324E-01  0.409763904931903E+00
     chi_2_2=  0.148000000000000E+02  0.133138569716495E+00  0.168610327557193E-01
     chi_3_2=  0.148000000000000E+02  -.666440019914405E-09  -.362624867260379E-09
     chi_1_2=  0.149000000000000E+02  -.827708652897625E-01  0.424855961806816E+00
     chi_2_2=  0.149000000000000E+02  0.136423065370035E+00  0.180405781788550E-01
     chi_3_2=  0.149000000000000E+02  -.689663170063341E-09  -.379253791484508E-09
     chi_1_2=  0.150000000000000E+02  -.886620604659818E-01  0.440933459300204E+00
     chi_2_2=  0.150000000000000E+02  0.139925953768851E+00  0.193457897753138E-01
     chi_3_2=  0.150000000000000E+02  -.714298235140191E-09  -.397352421648926E-09
     chi_1_2=  0.151000000000000E+02  -.952040712904501E-01  0.458092690928744E+00
     chi_2_2=  0.151000000000000E+02  0.143668533881342E+00  0.207949594089223E-01
     chi_3_2=  0.151000000000000E+02  -.740469609832985E-09  -.417111083717518E-09
     chi_1_2=  0.152000000000000E+02  -.102494969659970E+00  0.476442068343250E+00
     chi_2_2=  0.152000000000000E+02  0.147674785483990E+00  0.224097827045238E-01
     chi_3_2=  0.152000000000000E+02  -.768314857255040E-09  -.438752625053512E-09
     chi_1_2=  0.153000000000000E+02  -.110651722889765E+00  0.496103883050558E+00
     chi_2_2=  0.153000000000000E+02  0.151971758888461E+00  0.242161353233707E-01
     chi_3_2=  0.153000000000000E+02  -.797985988273987E-09  -.462539331182438E-09
     chi_1_2=  0.154000000000000E+02  -.119814654172844E+00  0.517216316210782E+00
     chi_2_2=  0.154000000000000E+02  0.156590019547870E+00  0.262450597047402E-01
     chi_3_2=  0.154000000000000E+02  -.829650692726372E-09  -.488781603251250E-09
     chi_1_2=  0.155000000000000E+02  -.130153153676330E+00  0.539935707220746E+00
     chi_2_2=  0.155000000000000E+02  0.161564149911694E+00  0.285340284731178E-01
     chi_3_2=  0.155000000000000E+02  -.863493391563794E-09  -.517848916382431E-09
     chi_1_2=  0.156000000000000E+02  -.141873046333220E+00  0.564439070876244E+00
     chi_2_2=  0.156000000000000E+02  0.166933306271219E+00  0.311285743390711E-01
     chi_3_2=  0.156000000000000E+02  -.899715889667997E-09  -.550183752447973E-09
     chi_1_2=  0.157000000000000E+02  -.155226171458701E+00  0.590926812432729E+00
     chi_2_2=  0.157000000000000E+02  0.172741819384058E+00  0.340844092993457E-01
     chi_3_2=  0.157000000000000E+02  -.938537265023517E-09  -.586319437059319E-09
     chi_1_2=  0.158000000000000E+02  -.170522938618344E+00  0.619625515173003E+00
     chi_2_2=  0.158000000000000E+02  0.179039811138661E+00  0.374702022425617E-01
     chi_3_2=  0.158000000000000E+02  -.980192396917085E-09  -.626903133369940E-09
     chi_1_2=  0.159000000000000E+02  -.188148919440283E+00  0.650790540585548E+00
     chi_2_2=  0.159000000000000E+02  0.185883769764659E+00  0.413712493853298E-01
     chi_3_2=  0.159000000000000E+02  -.102492815702432E-08  -.672725686144309E-09
     chi_1_2=  0.160000000000000E+02  -.208586952769799E+00  0.684707942199652E+00
     chi_2_2=  0.160000000000000E+02  0.193336973210555E+00  0.458943643684375E-01
     chi_3_2=  0.160000000000000E+02  -.107299566743217E-08  -.724760608871710E-09
     chi_1_2=  0.161000000000000E+02  -.232446831187594E+00  0.721694771537481E+00
     chi_2_2=  0.161000000000000E+02  0.201469556826071E+00  0.511744455002120E-01
     chi_3_2=  0.161000000000000E+02  -.112463600775539E-08  -.784215311913882E-09
     chi_1_2=  0.162000000000000E+02  -.260505466985417E+00  0.762096108061603E+00
     chi_2_2=  0.162000000000000E+02  0.210357856327697E+00  0.573833612625545E-01
     chi_3_2=  0.162000000000000E+02  -.118005505465247E-08  -.852598725120804E-09
     chi_1_2=  0.163000000000000E+02  -.293761583906494E+00  0.806275822691912E+00
     chi_2_2=  0.163000000000000E+02  0.220082364506350E+00  0.647420492026523E-01
     chi_3_2=  0.163000000000000E+02  -.123938028885221E-08  -.931810783757804E-09
     chi_1_2=  0.164000000000000E+02  -.333510515219481E+00  0.854595732602943E+00
     chi_2_2=  0.164000000000000E+02  0.230723119857344E+00  0.735370627422689E-01
     chi_3_2=  0.164000000000000E+02  -.130258759255017E-08  -.102426071224046E-08
     chi_1_2=  0.165000000000000E+02  -.381446589646608E+00  0.907373603357227E+00
     chi_2_2=  0.165000000000000E+02  0.242350415824160E+00  0.841432209646086E-01
     chi_3_2=  0.165000000000000E+02  -.136937788217955E-08  -.113302221331408E-08
     chi_1_2=  0.166000000000000E+02  -.439802529631276E+00  0.964802927140197E+00
     chi_2_2=  0.166000000000000E+02  0.255007054162208E+00  0.970544462608234E-01
     chi_3_2=  0.166000000000000E+02  -.143896950100540E-08  -.126203325560664E-08
     chi_1_2=  0.167000000000000E+02  -.511536062018216E+00  0.102680394516787E+01
     chi_2_2=  0.167000000000000E+02  0.268675388157814E+00  0.112925046293710E+00
     chi_3_2=  0.167000000000000E+02  -.150974874980655E-08  -.141634276740672E-08
     chi_1_2=  0.168000000000000E+02  -.600569980965509E+00  0.109275159008391E+01
     chi_2_2=  0.168000000000000E+02  0.283217138121833E+00  0.132622820649963E+00
     chi_3_2=  0.168000000000000E+02  -.157868197645080E-08  -.160238785403027E-08
     chi_1_2=  0.169000000000000E+02  -.712073678207623E+00  0.116098529932627E+01
     chi_2_2=  0.169000000000000E+02  0.298264952439922E+00  0.157291340889522E+00
     chi_3_2=  0.169000000000000E+02  -.164033167603495E-08  -.182823347117675E-08
     chi_1_2=  0.170000000000000E+02  -.852717906828763E+00  0.122794119622764E+01
     chi_2_2=  0.170000000000000E+02  0.313030428917712E+00  0.188406309321605E+00
     chi_3_2=  0.170000000000000E+02  -.168523623932231E-08  -.210357753575965E-08
     chi_1_2=  0.171000000000000E+02  -.103068555499798E+01  0.128666459224639E+01
     chi_2_2=  0.171000000000000E+02  0.325975050937235E+00  0.227777942375738E+00
     chi_3_2=  0.171000000000000E+02  -.169734534646642E-08  -.243902691509949E-08
     chi_1_2=  0.172000000000000E+02  -.125487046794992E+01  0.132442714491020E+01
     chi_2_2=  0.172000000000000E+02  0.334283055794300E+00  0.277373734236185E+00
     chi_3_2=  0.172000000000000E+02  -.165032024778036E-08  -.284352951088994E-08
     chi_1_2=  0.173000000000000E+02  -.153199834398169E+01  0.131946275870436E+01
     chi_2_2=  0.173000000000000E+02  0.333139351583427E+00  0.338681542272510E+00
     chi_3_2=  0.173000000000000E+02  -.150335513268387E-08  -.331779137154928E-08
     chi_1_2=  0.174000000000000E+02  -.185947378040008E+01  0.123822320048615E+01
     chi_2_2=  0.174000000000000E+02  0.315122405161914E+00  0.411127212546432E+00
     chi_3_2=  0.174000000000000E+02  -.120002613497037E-08  -.384060011677212E-08
     chi_1_2=  0.175000000000000E+02  -.221218702695491E+01  0.103827694384564E+01
     chi_2_2=  0.175000000000000E+02  0.270845523620185E+00  0.489155973455570E+00
     chi_3_2=  0.175000000000000E+02  -.679864734200489E-09  -.434757314125776E-08
     chi_1_2=  0.176000000000000E+02  -.252833970905587E+01  0.686758564798970E+00
     chi_2_2=  0.176000000000000E+02  0.193038224392167E+00  0.559096806058278E+00
     chi_3_2=  0.176000000000000E+02  0.828245202690201E-10  -.471598067398848E-08
     chi_1_2=  0.177000000000000E+02  -.271577925106438E+01  0.197607087617772E+00
     chi_2_2=  0.177000000000000E+02  0.847840918094745E-01  0.600563743227113E+00
     chi_3_2=  0.177000000000000E+02  0.101805782383009E-08  -.479423318624707E-08
     chi_1_2=  0.178000000000000E+02  -.270160407645359E+01  -.343695936769972E+00
     chi_2_2=  0.178000000000000E+02  -.350066717911534E-01  0.597429518109503E+00
     chi_3_2=  0.178000000000000E+02  0.194237296621686E-08  -.449957579500414E-08
     chi_1_2=  0.179000000000000E+02  -.249182349929847E+01  -.818063881891566E+00
     chi_2_2=  0.179000000000000E+02  -.139989758131159E+00  0.551023508960414E+00
     chi_3_2=  0.179000000000000E+02  0.265388215364935E-08  -.390179456233641E-08
     chi_1_2=  0.180000000000000E+02  -.216590154965999E+01  -.114891573257135E+01
     chi_2_2=  0.180000000000000E+02  -.213223938019711E+00  0.478924726134004E+00
     chi_3_2=  0.180000000000000E+02  0.306049616338165E-08  -.317583534704381E-08
     chi_1_2=  0.181000000000000E+02  -.181385770898707E+01  -.133077001346952E+01
     chi_2_2=  0.181000000000000E+02  -.253496602632256E+00  0.401047254402663E+00
     chi_3_2=  0.181000000000000E+02  0.319772116355599E-08  -.247931225942953E-08
     chi_1_2=  0.182000000000000E+02  -.149224263087987E+01  -.139959655005511E+01
     chi_2_2=  0.182000000000000E+02  -.268764988555317E+00  0.329901213969437E+00
     chi_3_2=  0.182000000000000E+02  0.315567258669427E-08  -.189156440069710E-08
     chi_1_2=  0.183000000000000E+02  -.122226552521293E+01  -.139726301672180E+01
     chi_2_2=  0.183000000000000E+02  -.268291053048536E+00  0.270178500705911E+00
     chi_3_2=  0.183000000000000E+02  0.301697090291258E-08  -.142818203965099E-08
     chi_1_2=  0.184000000000000E+02  -.100466388002185E+01  -.135572065645795E+01
     chi_2_2=  0.184000000000000E+02  -.259143043260836E+00  0.222042261808799E+00
     chi_3_2=  0.184000000000000E+02  0.283695612170797E-08  -.107448421292299E-08
     chi_1_2=  0.185000000000000E+02  -.832134089286474E+00  -.129534278861501E+01
     chi_2_2=  0.185000000000000E+02  -.245827941311677E+00  0.183876795815650E+00
     chi_3_2=  0.185000000000000E+02  0.264703447724580E-08  -.807734925054060E-09
     chi_1_2=  0.186000000000000E+02  -.695774488935996E+00  -.122792202939566E+01
     chi_2_2=  0.186000000000000E+02  -.230954508539069E+00  0.153712879256587E+00
     chi_3_2=  0.186000000000000E+02  0.246305143423459E-08  -.606732152458871E-09
     chi_1_2=  0.187000000000000E+02  -.587582597871466E+00  -.115984999597749E+01
     chi_2_2=  0.187000000000000E+02  -.215936698748919E+00  0.129780205637371E+00
     chi_3_2=  0.187000000000000E+02  0.229200894630239E-08  -.454517044053379E-09
     chi_1_2=  0.188000000000000E+02  -.501095629120611E+00  -.109437002797360E+01
     chi_2_2=  0.188000000000000E+02  -.201492004627395E+00  0.110649079151674E+00
     chi_3_2=  0.188000000000000E+02  0.213626098342441E-08  -.338351375166512E-09
     chi_1_2=  0.189000000000000E+02  -.431325402488928E+00  -.103296632033170E+01
     chi_2_2=  0.189000000000000E+02  -.187948761335640E+00  0.952160160836147E-01
     chi_3_2=  0.189000000000000E+02  0.199587103297735E-08  -.248912121292543E-09
     chi_1_2=  0.190000000000000E+02  -.374492243857030E+00  -.976169761405878E+00
     chi_2_2=  0.190000000000000E+02  -.175424413785918E+00  0.826448780887565E-01
     chi_3_2=  0.190000000000000E+02  0.186986570241839E-08  -.179431366052781E-09
     chi_1_2=  0.191000000000000E+02  -.327746850907627E+00  -.924011800531115E+00
     chi_2_2=  0.191000000000000E+02  -.163925921102157E+00  0.723053434100414E-01
     chi_3_2=  0.191000000000000E+02  0.175687675245361E-08  -.124991206338780E-09
     chi_1_2=  0.192000000000000E+02  -.288937240008375E+00  -.876275885646305E+00
     chi_2_2=  0.192000000000000E+02  -.153405379582660E+00  0.637213509333997E-01
     chi_3_2=  0.192000000000000E+02  0.165545735523120E-08  -.819972706315093E-10
     chi_1_2=  0.193000000000000E+02  -.256428903193013E+00  -.832634891735122E+00
     chi_2_2=  0.193000000000000E+02  -.143790424582926E+00  0.565313153658590E-01
     chi_3_2=  0.193000000000000E+02  0.156422876269434E-08  -.478006973402768E-10
     chi_1_2=  0.194000000000000E+02  -.228970894671006E+00  -.792724912113477E+00
     chi_2_2=  0.194000000000000E+02  -.135000554604748E+00  0.504585029308429E-01
     chi_3_2=  0.194000000000000E+02  0.148194041536794E-08  -.204309016866747E-10
     chi_1_2=  0.195000000000000E+02  -.205597593122244E+00  -.756183690284875E+00
     chi_2_2=  0.195000000000000E+02  -.126955633181365E+00  0.452892992505339E-01
     chi_3_2=  0.195000000000000E+02  0.140748702458800E-08  0.159262636177627E-11
     chi_1_2=  0.196000000000000E+02  -.185556945993291E+00  -.722669499951370E+00
     chi_2_2=  0.196000000000000E+02  -.119580065508961E+00  0.408573355691493E-01
     chi_3_2=  0.196000000000000E+02  0.133990523554024E-08  0.193932019608738E-10
     chi_1_2=  0.197000000000000E+02  -.168257980245698E+00  -.691869311977656E+00
     chi_2_2=  0.197000000000000E+02  -.112804605140727E+00  0.370318770953346E-01
     chi_3_2=  0.197000000000000E+02  0.127836147624451E-08  0.338313296140173E-10
     chi_1_2=  0.198000000000000E+02  -.153232224901933E+00  -.663501196486484E+00
     chi_2_2=  0.198000000000000E+02  -.106566885378188E+00  0.337092889085219E-01
     chi_3_2=  0.198000000000000E+02  0.122213683278594E-08  0.455722744829154E-10
     chi_1_2=  0.199000000000000E+02  -.140105171880328E+00  -.637313729322379E+00
     chi_2_2=  0.199000000000000E+02  -.100811287969706E+00  0.308067225327841E-01
     chi_3_2=  0.199000000000000E+02  0.117061178161881E-08  0.551348675064181E-10
     chi_1_2=  0.200000000000000E+02  -.128575003219066E+00  -.613083946303565E+00
     chi_2_2=  0.200000000000000E+02  -.954884905510137E-01  0.282574099792442E-01
     chi_3_2=  0.200000000000000E+02  0.112325205067433E-08  0.629270838221175E-10
     chi_1_2=  0.201000000000000E+02  -.118396606857619E+00  -.590614696258024E+00
     chi_2_2=  0.201000000000000E+02  -.905548810849316E-01  0.260071277216874E-01
     chi_3_2=  0.201000000000000E+02  0.107959608608703E-08  0.692722221447522E-10
     chi_1_2=  0.202000000000000E+02  -.109369467447816E+00  -.569731851856647E+00
     chi_2_2=  0.202000000000000E+02  -.859719408429385E-01  0.240115179051572E-01
     chi_3_2=  0.202000000000000E+02  0.103924420864548E-08  0.744283462002122E-10
     chi_1_2=  0.203000000000000E+02  -.101328417630350E+00  -.550281615598326E+00
     chi_2_2=  0.203000000000000E+02  -.817056484362583E-01  0.222340423459153E-01
     chi_3_2=  0.203000000000000E+02  0.100184936187271E-08  0.786028522506071E-10
     chi_1_2=  0.204000000000000E+02  -.941365172898183E-01  -.532128033737160E+00
     chi_2_2=  0.204000000000000E+02  -.777259298477530E-01  0.206444072822232E-01
     chi_3_2=  0.204000000000000E+02  0.967109280139153E-09  0.819634792521257E-10
     chi_1_2=  0.205000000000000E+02  -.876795283582627E-01  -.515150761920182E+00
     chi_2_2=  0.205000000000000E+02  -.740061641472465E-01  0.192173410919251E-01
     chi_3_2=  0.205000000000000E+02  0.934759886326480E-09  0.846466995362535E-10
     chi_1_2=  0.206000000000000E+02  -.818615953320437E-01  -.499243089090132E+00
     chi_2_2=  0.206000000000000E+02  -.705227463400248E-01  0.179316387375971E-01
     chi_3_2=  0.206000000000000E+02  0.904569735716831E-09  0.867641639945520E-10
     chi_1_2=  0.207000000000000E+02  -.766018439236453E-01  -.484310207139252E+00
     chi_2_2=  0.207000000000000E+02  -.672547045804165E-01  0.167694093212483E-01
     chi_3_2=  0.207000000000000E+02  0.876335341020324E-09  0.884076902965602E-10
     chi_1_2=  0.208000000000000E+02  -.718316840979333E-01  -.470267704999890E+00
     chi_2_2=  0.208000000000000E+02  -.641833670351422E-01  0.157154794627653E-01
     chi_3_2=  0.208000000000000E+02  0.849877235167353E-09  0.896531512568312E-10
     chi_1_2=  0.209000000000000E+02  -.674926574233170E-01  -.457040262756208E+00
     chi_2_2=  0.209000000000000E+02  -.612920729953161E-01  0.147569170915411E-01
     chi_3_2=  0.209000000000000E+02  0.825036649953219E-09  0.905635265614446E-10
     chi_1_2=  0.210000000000000E+02  -.635347079839672E-01  -.444560521322446E+00
     chi_2_2=  0.210000000000000E+02  -.585659228271860E-01  0.138826489381674E-01
     chi_3_2=  0.210000000000000E+02  0.801672708181938E-09  0.911913134024750E-10
     chi_1_2=  0.211000000000000E+02  -.599147851041405E-01  -.432768104741853E+00
     chi_2_2=  0.211000000000000E+02  -.559915616856008E-01  0.130831514295067E-01
     chi_3_2=  0.211000000000000E+02  0.779660044030585E-09  0.915804424193909E-10
     chi_1_2=  0.212000000000000E+02  -.565957076869215E-01  -.421608774352456E+00
     chi_2_2=  0.212000000000000E+02  -.535569923990012E-01  0.123501994580395E-01
     chi_3_2=  0.212000000000000E+02  0.758886780885389E-09  0.917678093617731E-10
     chi_1_2=  0.213000000000000E+02  -.535452360974511E-01  -.411033696467876E+00
     chi_2_2=  0.213000000000000E+02  -.512514134661945E-01  0.116766610641380E-01
     chi_3_2=  0.213000000000000E+02  0.739252808083957E-09  0.917845063391835E-10
     chi_1_2=  0.214000000000000E+02  -.507353096718061E-01  -.400998807574376E+00
     chi_2_2=  0.214000000000000E+02  -.490650786256046E-01  0.110563287580066E-01
     chi_3_2=  0.214000000000000E+02  0.720668308112558E-09  0.916568167927419E-10
     chi_1_2=  0.215000000000000E+02  -.481414171499146E-01  -.391464263225564E+00
     chi_2_2=  0.215000000000000E+02  -.469891749401183E-01  0.104837802470369E-01
     chi_3_2=  0.215000000000000E+02  0.703052494159066E-09  0.914070235531404E-10
     chi_1_2=  0.216000000000000E+02  -.457420743677042E-01  -.382393958770448E+00
     chi_2_2=  0.216000000000000E+02  -.450157167728755E-01  0.995426289102333E-02
     chi_3_2=  0.216000000000000E+02  0.686332524797559E-09  0.910540682186281E-10
     chi_1_2=  0.217000000000000E+02  -.435183889498277E-01  -.373755111766375E+00
     chi_2_2=  0.217000000000000E+02  -.431374534089673E-01  0.946359740362065E-02
     chi_3_2=  0.217000000000000E+02  0.670442568231323E-09  0.906140916417916E-10
     chi_1_2=  0.218000000000000E+02  -.414536959226153E-01  -.365517897414502E+00
     chi_2_2=  0.218000000000000E+02  -.413477884067582E-01  0.900809724275482E-02
     chi_3_2=  0.218000000000000E+02  0.655322993163466E-09  0.901008788670717E-10
     chi_1_2=  0.219000000000000E+02  -.395332514154305E-01  -.357655129632195E+00
     chi_2_2=  0.219000000000000E+02  -.396407090449948E-01  0.858450085133393E-02
     chi_3_2=  0.219000000000000E+02  0.640919667182774E-09  0.895262269092113E-10
     chi_1_2=  0.220000000000000E+02  -.377439741581470E-01  -.350141981466017E+00
     chi_2_2=  0.220000000000000E+02  -.380107244728248E-01  0.818991447140715E-02
     chi_3_2=  0.220000000000000E+02  0.627183346694147E-09  0.889002499373713E-10
     chi_1_2=  0.221000000000000E+02  -.360742264789827E-01  -.342955739476641E+00
     chi_2_2=  0.221000000000000E+02  -.364528113750842E-01  0.782176369657430E-02
     chi_3_2=  0.221000000000000E+02  0.614069145015825E-09  0.882316334577179E-10
     chi_1_2=  0.222000000000000E+02  -.345136280842080E-01  -.336075587513350E+00
     chi_2_2=  0.222000000000000E+02  -.349623661391148E-01  0.747775227640042E-02
     chi_3_2=  0.222000000000000E+02  0.601536067405435E-09  0.875278467660593E-10
     chi_1_2=  0.223000000000000E+02  -.330528971540889E-01  -.329482415962847E+00
     chi_2_2=  0.223000000000000E+02  -.335351626570252E-01  0.715582696371532E-02
     chi_3_2=  0.223000000000000E+02  0.589546603550653E-09  0.867953211197364E-10
     chi_1_2=  0.224000000000000E+02  -.316837142891042E-01  -.323158653122801E+00
     chi_2_2=  0.224000000000000E+02  -.321673150223496E-01  0.685414741684556E-02
     chi_3_2=  0.224000000000000E+02  0.578066369531758E-09  0.860395996402400E-10
     chi_1_2=  0.225000000000000E+02  -.303986056418948E-01  -.317088115828975E+00
     chi_2_2=  0.225000000000000E+02  -.308552444860120E-01  0.657106034610933E-02
     chi_3_2=  0.225000000000000E+02  0.567063792487342E-09  0.852654638182019E-10
     chi_1_2=  0.226000000000001E+02  -.291908422159915E-01  -.311255876872102E+00
     chi_2_2=  0.226000000000001E+02  -.295956501264587E-01  0.630507723672096E-02
     chi_3_2=  0.226000000000001E+02  0.556509832236865E-09  0.844770405848218E-10
     chi_1_2=  0.227000000000001E+02  -.280543528343416E-01  -.305648147084855E+00
     chi_2_2=  0.227000000000001E+02  -.283854827651611E-01  0.605485509572250E-02
     chi_3_2=  0.227000000000001E+02  0.546377734966918E-09  0.836778931877726E-10
     chi_1_2=  0.228000000000001E+02  -.269836487047438E-01  -.300252170273314E+00
     chi_2_2=  0.228000000000001E+02  -.272219217235290E-01  0.581917976438488E-02
     chi_3_2=  0.228000000000001E+02  0.536642814805380E-09  0.828710985265233E-10
     chi_1_2=  0.229000000000001E+02  -.259737578551304E-01  -.295056129416667E+00
     chi_2_2=  0.229000000000001E+02  -.261023540725960E-01  0.559695141400765E-02
     chi_3_2=  0.229000000000001E+02  0.527282259709462E-09  0.820593131317206E-10
     chi_1_2=  0.230000000000001E+02  -.250201679946744E-01  -.290049062771954E+00
     chi_2_2=  0.230000000000001E+02  -.250243560738956E-01  0.538717190568258E-02
     chi_3_2=  0.230000000000001E+02  0.518274958601365E-09  0.812448295925006E-10
     chi_1_2=  0.231000000000001E+02  -.241187765894081E-01  -.285220788702675E+00
     chi_2_2=  0.231000000000001E+02  -.239856765502074E-01  0.518893374604591E-02
     chi_3_2=  0.231000000000001E+02  0.509601347114724E-09  0.804296249261675E-10
     chi_1_2=  0.232000000000001E+02  -.232658471328123E-01  -.280561838205289E+00
     chi_2_2=  0.232000000000001E+02  -.229842219592414E-01  0.500141041348167E-02
     chi_3_2=  0.232000000000001E+02  0.501243269677695E-09  0.796154021322109E-10
     chi_1_2=  0.233000000000001E+02  -.224579707506897E-01  -.276063394241493E+00
     chi_2_2=  0.233000000000001E+02  -.220180429729020E-01  0.482384786437254E-02
     chi_3_2=  0.233000000000001E+02  0.493183855968172E-09  0.788036259661246E-10
     chi_1_2=  0.234000000000001E+02  -.216920324114610E-01  -.271717237098527E+00
     chi_2_2=  0.234000000000001E+02  -.210853223900383E-01  0.465555705816319E-02
     chi_3_2=  0.234000000000001E+02  0.485407410039112E-09  0.779955537987382E-10
     chi_1_2=  0.235000000000001E+02  -.209651811228497E-01  -.267515695098048E+00
     chi_2_2=  0.235000000000001E+02  -.201843642324333E-01  0.449590736428884E-02
     chi_3_2=  0.235000000000001E+02  0.477899310636064E-09  0.771922622870015E-10
     chi_1_2=  0.236000000000001E+02  -.202748035877945E-01  -.263451600059596E+00
     chi_2_2=  0.236000000000001E+02  -.193135838925727E-01  0.434432073435336E-02
     chi_3_2=  0.236000000000001E+02  0.470645921421741E-09  0.763946704666189E-10
     chi_1_2=  0.237000000000001E+02  -.196185008692907E-01  -.259518246997419E+00
     chi_2_2=  0.237000000000001E+02  -.184714992179408E-01  0.420026653994362E-02
     chi_3_2=  0.237000000000001E+02  0.463634509986052E-09  0.756035597811165E-10
     chi_1_2=  0.238000000000001E+02  -.189940676786872E-01  -.255709357593457E+00
     chi_2_2=  0.238000000000001E+02  -.176567224306453E-01  0.406325699080142E-02
     chi_3_2=  0.238000000000001E+02  0.456853174662623E-09  0.748195914822891E-10
     chi_1_2=  0.239000000000001E+02  -.183994739564352E-01  -.252019047043826E+00
     chi_2_2=  0.239000000000001E+02  -.168679527933583E-01  0.393284306013198E-02
     chi_3_2=  0.239000000000001E+02  0.450290778293763E-09  0.740433217705401E-10
     chi_1_2=  0.240000000000001E+02  -.178328484604740E-01  -.248441793924223E+00
     chi_2_2=  0.240000000000001E+02  -.161039699430713E-01  0.380861085404183E-02
     chi_3_2=  0.240000000000001E+02  0.443936888191669E-09  0.732752149881055E-10
     chi_1_2=  0.241000000000001E+02  -.172924641165450E-01  -.244972412761187E+00
     chi_2_2=  0.241000000000001E+02  -.153636278234472E-01  0.369017837074791E-02
     chi_3_2=  0.241000000000001E+02  0.437781721634523E-09  0.725156551316290E-10
     chi_1_2=  0.242000000000001E+02  -.167767249179541E-01  -.241606029032117E+00
     chi_2_2=  0.242000000000001E+02  -.146458491544745E-01  0.357719260255717E-02
     chi_3_2=  0.242000000000001E+02  0.431816096314807E-09  0.717649559113660E-10
     chi_1_2=  0.243000000000001E+02  -.162841541906763E-01  -.238338056349070E+00
     chi_2_2=  0.243000000000001E+02  -.139496203851817E-01  0.346932693988481E-02
     chi_3_2=  0.243000000000001E+02  0.426031385226266E-09  0.710233695514090E-10
     chi_1_2=  0.244000000000001E+02  -.158133840638562E-01  -.235164175608421E+00
     chi_2_2=  0.244000000000001E+02  -.132739870812687E-01  0.336627884193150E-02
     chi_3_2=  0.244000000000001E+02  0.420419475534900E-09  0.702910944974132E-10
     chi_1_2=  0.245000000000001E+02  -.153631460065339E-01  -.232080315913219E+00
     chi_2_2=  0.245000000000001E+02  -.126180497048774E-01  0.326776774322889E-02
     chi_3_2=  0.245000000000001E+02  0.414972731032120E-09  0.695682821747938E-10
     chi_1_2=  0.246000000000001E+02  -.149322623091757E-01  -.229082637096036E+00
     chi_2_2=  0.246000000000001E+02  -.119809597484203E-01  0.317353316919587E-02
     chi_3_2=  0.246000000000001E+02  0.409683957813145E-09  0.688550429203401E-10
     chi_1_2=  0.247000000000001E+02  -.145196384039223E-01  -.226167513688880E+00
     chi_2_2=  0.247000000000001E+02  -.113619161885312E-01  0.308333303723409E-02
     chi_3_2=  0.247000000000001E+02  0.404546372863767E-09  0.681514511931911E-10
     chi_1_2=  0.248000000000001E+02  -.141242559306499E-01  -.223331520203249E+00
     chi_2_2=  0.248000000000001E+02  -.107601622298418E-01  0.299694212281346E-02
     chi_3_2=  0.248000000000001E+02  0.399553575273488E-09  0.674575501566518E-10
     chi_1_2=  0.249000000000001E+02  -.137451664673368E-01  -.220571417597861E+00
     chi_2_2=  0.249000000000001E+02  -.101749823114860E-01  0.291415067251366E-02
     chi_3_2=  0.249000000000001E+02  0.394699519823686E-09  0.667733557099549E-10
     chi_1_2=  0.250000000000001E+02  -.133814858531026E-01  -.217884140824389E+00
     chi_2_2=  0.250000000000001E+02  -.960569935209565E-02  0.283476314817714E-02
     chi_3_2=  0.250000000000001E+02  0.389978492726295E-09  0.660988600384666E-10
     chi_1_2=  0.251000000000001E+02  -.130323890408416E-01  -.215266787352950E+00
     chi_2_2=  0.251000000000001E+02  -.905167221152096E-02  0.275859708821857E-02
     chi_3_2=  0.251000000000001E+02  0.385385089312565E-09  0.654340347418139E-10
     chi_1_2=  0.252000000000001E+02  -.126971054238262E-01  -.212716606589130E+00
     chi_2_2=  0.252000000000001E+02  -.851229334977822E-02  0.268548207378501E-02
     chi_3_2=  0.252000000000001E+02  0.380914193492255E-09  0.647788335915892E-10
     chi_1_2=  0.253000000000001E+02  -.123749145871136E-01  -.210230990103150E+00
     chi_2_2=  0.253000000000001E+02  -.798698666565666E-02  0.261525878889220E-02
     chi_3_2=  0.253000000000001E+02  0.376560958822219E-09  0.641331949636074E-10
     chi_1_2=  0.254000000000001E+02  -.120651424402616E-01  -.207807462599800E+00
     chi_2_2=  0.254000000000001E+02  -.747520549919947E-02  0.254777816491239E-02
     chi_3_2=  0.254000000000001E+02  0.372320791039736E-09  0.634970439838940E-10
     chi_1_2=  0.255000000000001E+02  -.117671576927921E-01  -.205443673564736E+00
     chi_2_2=  0.255000000000001E+02  -.697643078381299E-02  0.248290060088544E-02
     chi_3_2=  0.255000000000001E+02  0.368189331930750E-09  0.628702944226392E-10
     chi_1_2=  0.256000000000001E+02  -.114803686381705E-01  -.203137389529189E+00
     chi_2_2=  0.256000000000001E+02  -.649016933515946E-02  0.242049525207933E-02
     chi_3_2=  0.256000000000001E+02  0.364162444415921E-09  0.622528503660135E-10
     chi_1_2=  0.257000000000001E+02  -.112042202158518E-01  -.200886486900342E+00
     chi_2_2=  0.257000000000001E+02  -.601595226521209E-02  0.236043938006451E-02
     chi_3_2=  0.257000000000001E+02  0.360236198748879E-09  0.616446076919971E-10
     chi_1_2=  0.258000000000001E+02  -.109381913243008E-01  -.198688945310228E+00
     chi_2_2=  0.258000000000001E+02  -.555333351098861E-02  0.230261775830851E-02
     chi_3_2=  0.258000000000001E+02  0.356406859731756E-09  0.610454553732121E-10
     chi_1_2=  0.259000000000001E+02  -.106817923607947E-01  -.196542841439810E+00
     chi_2_2=  0.259000000000001E+02  -.510188846843024E-02  0.224692212793907E-02
     chi_3_2=  0.259000000000001E+02  0.352670874861518E-09  0.604552766268040E-10
     chi_1_2=  0.260000000000001E+02  -.104345629664404E-01  -.194446343279557E+00
     chi_2_2=  0.260000000000001E+02  -.466121272281307E-02  0.219325069890449E-02
     chi_3_2=  0.260000000000001E+02  0.349024863329719E-09  0.598739499291372E-10
     chi_1_2=  0.261000000000001E+02  -.101960699570742E-01  -.192397704790835E+00
     chi_2_2=  0.261000000000001E+02  -.423092086785289E-02  0.214150769225598E-02
     chi_3_2=  0.261000000000001E+02  0.345465605804662E-09  0.593013499107746E-10
     chi_1_2=  0.262000000000001E+02  -.996590542278279E-02  -.190395260936242E+00
     chi_2_2=  0.262000000000001E+02  -.381064540639905E-02  0.209160291973006E-02
     chi_3_2=  0.262000000000001E+02  0.341990034932455E-09  0.587373481454971E-10
     chi_1_2=  0.263000000000001E+02  -.974368498051516E-02  -.188437423049303E+00
     chi_2_2=  0.263000000000001E+02  -.340003572622845E-02  0.204345139719986E-02
     chi_3_2=  0.263000000000001E+02  0.338595226498402E-09  0.581818138453644E-10
     chi_1_2=  0.264000000000001E+02  -.952904616588666E-02  -.186522674517177E+00
     chi_2_2=  0.264000000000001E+02  -.299875714506080E-02  0.199697298891673E-02
     chi_3_2=  0.264000000000001E+02  0.335278391196398E-09  0.576346144725290E-10
     chi_1_2=  0.265000000000001E+02  -.932164695164954E-02  -.184649566751871E+00
     chi_2_2=  0.265000000000001E+02  -.260649001940085E-02  0.195209207977362E-02
     chi_3_2=  0.265000000000001E+02  0.332036866957900E-09  0.570956162771411E-10
     chi_1_2=  0.266000000000001E+02  -.912116438156800E-02  -.182816715427855E+00
     chi_2_2=  0.266000000000001E+02  -.222292891232554E-02  0.190873727309820E-02
     chi_3_2=  0.266000000000001E+02  0.328868111796888E-09  0.565646847696976E-10
     chi_1_2=  0.267000000000001E+02  -.892729330955682E-02  -.181022796965888E+00
     chi_2_2=  0.267000000000001E+02  -.184778181571264E-02  0.186684111173184E-02
     chi_3_2=  0.267000000000001E+02  0.325769697130958E-09  0.560416851351785E-10
     chi_1_2=  0.268000000000001E+02  -.873974523491026E-02  -.179266545244402E+00
     chi_2_2=  0.268000000000001E+02  -.148076942283105E-02  0.182633982036575E-02
     chi_3_2=  0.268000000000001E+02  0.322739301541882E-09  0.555264825954599E-10
     chi_1_2=  0.269000000000001E+02  -.855824722536381E-02  -.177546748521619E+00
     chi_2_2=  0.269000000000001E+02  -.112162444753837E-02  0.178717306730727E-02
     chi_3_2=  0.269000000000001E+02  0.319774704942608E-09  0.550189427258120E-10
     chi_1_2=  0.270000000000001E+02  -.838254092049890E-02  -.175862246552803E+00
     chi_2_2=  0.270000000000001E+02  -.770090986640750E-03  0.174928374402000E-02
     chi_3_2=  0.270000000000001E+02  0.316873783120060E-09  0.545189317305637E-10
     chi_1_2=  0.271000000000001E+02  -.821238160872178E-02  -.174211927888421E+00
     chi_2_2=  0.271000000000001E+02  -.425923922284074E-03  0.171261776093940E-02
     chi_3_2=  0.271000000000001E+02  0.314034502625944E-09  0.540263166825046E-10
     chi_1_2=  0.272000000000001E+02  -.804753737168398E-02  -.172594727340180E+00
     chi_2_2=  0.272000000000001E+02  -.888883614639390E-04  0.167712385820752E-02
     chi_3_2=  0.272000000000001E+02  0.311254915990040E-09  0.535409657300426E-10
     chi_1_2=  0.273000000000001E+02  -.788778829056623E-02  -.171009623602875E+00
     chi_2_2=  0.273000000000001E+02  0.241240889976384E-03  0.164275343009387E-02
     chi_3_2=  0.273000000000001E+02  0.308533157232444E-09  0.530627482757168E-10
     chi_1_2=  0.274000000000001E+02  -.773292570918115E-02  -.169455637021077E+00
     chi_2_2=  0.274000000000001E+02  0.564679821325166E-03  0.160946036198478E-02
     chi_3_2=  0.274000000000001E+02  0.305867437653366E-09  0.525915351292440E-10
     chi_1_2=  0.275000000000001E+02  -.758275154929077E-02  -.167931827490456E+00
     chi_2_2=  0.275000000000001E+02  0.881635681189914E-03  0.157720087892420E-02
     chi_3_2=  0.275000000000001E+02  0.303256041880651E-09  0.521271986379500E-10
     chi_1_2=  0.276000000000001E+02  -.743707767395797E-02  -.166437292484422E+00
     chi_2_2=  0.276000000000001E+02  0.119230741396375E-02  0.154593340478014E-02
     chi_3_2=  0.276000000000001E+02  0.300697324156866E-09  0.516696127971071E-10
     chi_1_2=  0.277000000000001E+02  -.729572529512274E-02  -.164971165197447E+00
     chi_2_2=  0.277000000000001E+02  0.149688607048323E-02  0.151561843119473E-02
     chi_3_2=  0.277000000000001E+02  0.298189704849215E-09  0.512186533424292E-10
     chi_1_2=  0.278000000000001E+02  -.715852442193042E-02  -.163532612797137E+00
     chi_2_2=  0.278000000000001E+02  0.179555519463064E-02  0.148621839554904E-02
     chi_3_2=  0.278000000000001E+02  0.295731667166900E-09  0.507741978267415E-10
     chi_1_2=  0.279000000000001E+02  -.702531334664014E-02  -.162120834777683E+00
     chi_2_2=  0.279000000000001E+02  0.208849118750464E-02  0.145769756724152E-02
     chi_3_2=  0.279000000000001E+02  0.293321754071696E-09  0.503361256826064E-10
