Dynamical matrix file
default                                                                    
  3    5   0  11.6825149   0.0000000   0.0000000   0.0000000   0.0000000   0.0000000
Basis vectors
      0.991725043    0.000000000    0.000000000
      0.000000000    0.991725043    0.000000000
      0.000000000    0.000000000    0.991725043
            1  'Cs  '     121135.9090666961     
            2  'Sn  '     108197.5460994286     
            3  'I   '     115666.3486062552     
    1    1      0.4958625215      0.4958625215      0.4958625215
    2    2      0.0000000000      0.0000000000      0.0000000000
    3    3      0.4958625215      0.0000000000      0.0000000000
    4    3      0.0000000000      0.0000000000      0.4958625215
    5    3      0.0000000000      0.4958625215      0.0000000000

     Dynamical  Matrix in cartesian axes

     q = (    0.000000000   0.000000000   0.000000000 ) 

    1    1
  0.00071873   0.00000000     0.00000000   0.00000000     0.00000000   0.00000000
  0.00000000   0.00000000     0.00071873   0.00000000     0.00000000   0.00000000
  0.00000000   0.00000000     0.00000000   0.00000000     0.00071873   0.00000000
    1    2
 -0.00129076   0.00000000     0.00000000   0.00000000     0.00000000   0.00000000
  0.00000000   0.00000000    -0.00129076   0.00000000     0.00000000   0.00000000
  0.00000000   0.00000000     0.00000000   0.00000000    -0.00129076   0.00000000
    1    3
 -0.00118483   0.00000000     0.00000000   0.00000000     0.00000000   0.00000000
  0.00000000   0.00000000     0.00074369   0.00000000     0.00000000   0.00000000
  0.00000000   0.00000000     0.00000000   0.00000000     0.00074369   0.00000000
    1    4
  0.00074369   0.00000000     0.00000000   0.00000000     0.00000000   0.00000000
  0.00000000   0.00000000     0.00074369   0.00000000     0.00000000   0.00000000
  0.00000000   0.00000000     0.00000000   0.00000000    -0.00118483   0.00000000
    1    5
  0.00074369   0.00000000     0.00000000   0.00000000     0.00000000   0.00000000
  0.00000000   0.00000000    -0.00118483   0.00000000     0.00000000   0.00000000
  0.00000000   0.00000000     0.00000000   0.00000000     0.00074369   0.00000000
    2    1
 -0.00129076   0.00000000     0.00000000   0.00000000     0.00000000   0.00000000
  0.00000000   0.00000000    -0.00129076   0.00000000     0.00000000   0.00000000
  0.00000000   0.00000000     0.00000000   0.00000000    -0.00129076   0.00000000
    2    2
  0.02314848   0.00000000     0.00000000   0.00000000     0.00000000   0.00000000
  0.00000000   0.00000000     0.02314848   0.00000000     0.00000000   0.00000000
  0.00000000   0.00000000     0.00000000   0.00000000     0.02314848   0.00000000
    2    3
 -0.02239595   0.00000000     0.00000000   0.00000000     0.00000000   0.00000000
  0.00000000   0.00000000    -0.00018599   0.00000000     0.00000000   0.00000000
  0.00000000   0.00000000     0.00000000   0.00000000    -0.00018599   0.00000000
    2    4
 -0.00018599   0.00000000     0.00000000   0.00000000     0.00000000   0.00000000
  0.00000000   0.00000000    -0.00018599   0.00000000     0.00000000   0.00000000
  0.00000000   0.00000000     0.00000000   0.00000000    -0.02239595   0.00000000
    2    5
 -0.00018599   0.00000000     0.00000000   0.00000000     0.00000000   0.00000000
  0.00000000   0.00000000    -0.02239595   0.00000000     0.00000000   0.00000000
  0.00000000   0.00000000     0.00000000   0.00000000    -0.00018599   0.00000000
    3    1
 -0.00118483   0.00000000     0.00000000   0.00000000     0.00000000   0.00000000
  0.00000000   0.00000000     0.00074369   0.00000000     0.00000000   0.00000000
  0.00000000   0.00000000     0.00000000   0.00000000     0.00074369   0.00000000
    3    2
 -0.02239595   0.00000000     0.00000000   0.00000000     0.00000000   0.00000000
  0.00000000   0.00000000    -0.00018599   0.00000000     0.00000000   0.00000000
  0.00000000   0.00000000     0.00000000   0.00000000    -0.00018599   0.00000000
    3    3
  0.04029831   0.00000000     0.00000000   0.00000000     0.00000000   0.00000000
  0.00000000   0.00000000     0.00644061   0.00000000     0.00000000   0.00000000
  0.00000000   0.00000000     0.00000000   0.00000000     0.00644061   0.00000000
    3    4
 -0.00833949   0.00000000     0.00000000   0.00000000     0.00000000   0.00000000
  0.00000000   0.00000000     0.00129339   0.00000000     0.00000000   0.00000000
  0.00000000   0.00000000     0.00000000   0.00000000    -0.00833949   0.00000000
    3    5
 -0.00833949   0.00000000     0.00000000   0.00000000     0.00000000   0.00000000
  0.00000000   0.00000000    -0.00833949   0.00000000     0.00000000   0.00000000
  0.00000000   0.00000000     0.00000000   0.00000000     0.00129339   0.00000000
    4    1
  0.00074369   0.00000000     0.00000000   0.00000000     0.00000000   0.00000000
  0.00000000   0.00000000     0.00074369   0.00000000     0.00000000   0.00000000
  0.00000000   0.00000000     0.00000000   0.00000000    -0.00118483   0.00000000
    4    2
 -0.00018599   0.00000000     0.00000000   0.00000000     0.00000000   0.00000000
  0.00000000   0.00000000    -0.00018599   0.00000000     0.00000000   0.00000000
  0.00000000   0.00000000     0.00000000   0.00000000    -0.02239595   0.00000000
    4    3
 -0.00833949   0.00000000     0.00000000   0.00000000     0.00000000   0.00000000
  0.00000000   0.00000000     0.00129339   0.00000000     0.00000000   0.00000000
  0.00000000   0.00000000     0.00000000   0.00000000    -0.00833949   0.00000000
    4    4
  0.00644061   0.00000000     0.00000000   0.00000000     0.00000000   0.00000000
  0.00000000   0.00000000     0.00644061   0.00000000     0.00000000   0.00000000
  0.00000000   0.00000000     0.00000000   0.00000000     0.04029831   0.00000000
    4    5
  0.00129339   0.00000000     0.00000000   0.00000000     0.00000000   0.00000000
  0.00000000   0.00000000    -0.00833949   0.00000000     0.00000000   0.00000000
  0.00000000   0.00000000     0.00000000   0.00000000    -0.00833949   0.00000000
    5    1
  0.00074369   0.00000000     0.00000000   0.00000000     0.00000000   0.00000000
  0.00000000   0.00000000    -0.00118483   0.00000000     0.00000000   0.00000000
  0.00000000   0.00000000     0.00000000   0.00000000     0.00074369   0.00000000
    5    2
 -0.00018599   0.00000000     0.00000000   0.00000000     0.00000000   0.00000000
  0.00000000   0.00000000    -0.02239595   0.00000000     0.00000000   0.00000000
  0.00000000   0.00000000     0.00000000   0.00000000    -0.00018599   0.00000000
    5    3
 -0.00833949   0.00000000     0.00000000   0.00000000     0.00000000   0.00000000
  0.00000000   0.00000000    -0.00833949   0.00000000     0.00000000   0.00000000
  0.00000000   0.00000000     0.00000000   0.00000000     0.00129339   0.00000000
    5    4
  0.00129339   0.00000000     0.00000000   0.00000000     0.00000000   0.00000000
  0.00000000   0.00000000    -0.00833949   0.00000000     0.00000000   0.00000000
  0.00000000   0.00000000     0.00000000   0.00000000    -0.00833949   0.00000000
    5    5
  0.00644061   0.00000000     0.00000000   0.00000000     0.00000000   0.00000000
  0.00000000   0.00000000     0.04029831   0.00000000     0.00000000   0.00000000
  0.00000000   0.00000000     0.00000000   0.00000000     0.00644061   0.00000000

     Diagonalizing the dynamical matrix

     q = (    0.000000000   0.000000000   0.000000000 ) 

 **************************************************************************
     freq (    1) =      -0.154653 [THz] =      -5.158658 [cm-1]
 (  0.275044  0.000000  0.398350  0.000000  0.008253  0.000000 ) 
 (  0.259039  0.000000  0.375169  0.000000  0.007772  0.000000 ) 
 (  0.250636  0.000000  0.350550  0.000000  0.007262  0.000000 ) 
 (  0.242041  0.000000  0.350550  0.000000  0.007520  0.000000 ) 
 (  0.242041  0.000000  0.362999  0.000000  0.007262  0.000000 ) 
     freq (    2) =      -0.154653 [THz] =      -5.158658 [cm-1]
 ( -0.398403  0.000000  0.275089  0.000000 -0.000395  0.000000 ) 
 ( -0.375219  0.000000  0.259081  0.000000 -0.000372  0.000000 ) 
 ( -0.363049  0.000000  0.242081  0.000000 -0.000347  0.000000 ) 
 ( -0.350598  0.000000  0.242081  0.000000 -0.000360  0.000000 ) 
 ( -0.350598  0.000000  0.250678  0.000000 -0.000347  0.000000 ) 
     freq (    3) =      -0.154653 [THz] =      -5.158658 [cm-1]
 (  0.005014 -0.000000  0.006567 -0.000000 -0.484078  0.000000 ) 
 (  0.004722 -0.000000  0.006185 -0.000000 -0.455908  0.000000 ) 
 (  0.004569 -0.000000  0.005779 -0.000000 -0.425992  0.000000 ) 
 (  0.004412 -0.000000  0.005779 -0.000000 -0.441120  0.000000 ) 
 (  0.004412 -0.000000  0.005984 -0.000000 -0.425992  0.000000 ) 
     freq (    4) =       0.242573 [THz] =       8.091352 [cm-1]
 (  0.090268  0.000000 -0.845671  0.000000 -0.023359  0.000000 ) 
 ( -0.016335  0.000000  0.153037  0.000000  0.004227  0.000000 ) 
 ( -0.021083  0.000000  0.324345  0.000000  0.008959  0.000000 ) 
 ( -0.034621  0.000000  0.324345  0.000000  0.005456  0.000000 ) 
 ( -0.034621  0.000000  0.197512  0.000000  0.008959  0.000000 ) 
     freq (    5) =       0.242573 [THz] =       8.091352 [cm-1]
 ( -0.845984  0.000000 -0.090343  0.000000  0.001522  0.000000 ) 
 (  0.153093  0.000000  0.016349  0.000000 -0.000275  0.000000 ) 
 (  0.197585  0.000000  0.034650  0.000000 -0.000584  0.000000 ) 
 (  0.324465  0.000000  0.034650  0.000000 -0.000355  0.000000 ) 
 (  0.324465  0.000000  0.021100  0.000000 -0.000584  0.000000 ) 
     freq (    6) =       0.242573 [THz] =       8.091352 [cm-1]
 ( -0.003993  0.000000  0.023065 -0.000000 -0.850473  0.000000 ) 
 (  0.000723 -0.000000 -0.004174  0.000000  0.153906 -0.000000 ) 
 (  0.000933 -0.000000 -0.008846  0.000000  0.326187 -0.000000 ) 
 (  0.001532 -0.000000 -0.008846  0.000000  0.198633 -0.000000 ) 
 (  0.001532 -0.000000 -0.005387  0.000000  0.326187 -0.000000 ) 
     freq (    7) =       0.693998 [THz] =      23.149277 [cm-1]
 (  0.000000  0.000000  0.000000  0.000000 -0.000000  0.000000 ) 
 (  0.000000  0.000000 -0.000000  0.000000  0.000000  0.000000 ) 
 (  0.000000  0.000000 -0.701778  0.000000 -0.000508  0.000000 ) 
 (  0.086646  0.000000  0.701778  0.000000  0.000000  0.000000 ) 
 ( -0.086646  0.000000 -0.000000  0.000000  0.000508  0.000000 ) 
     freq (    8) =       0.693998 [THz] =      23.149277 [cm-1]
 ( -0.000000  0.000000  0.000000  0.000000 -0.000000  0.000000 ) 
 (  0.000000  0.000000 -0.000000  0.000000 -0.000000  0.000000 ) 
 (  0.000000  0.000000  0.015137  0.000000 -0.696941  0.000000 ) 
 (  0.118510  0.000000 -0.015137  0.000000 -0.000000  0.000000 ) 
 ( -0.118510  0.000000 -0.000000  0.000000  0.696941  0.000000 ) 
     freq (    9) =       0.693998 [THz] =      23.149277 [cm-1]
 (  0.000000 -0.000000  0.000000 -0.000000 -0.000000  0.000000 ) 
 ( -0.000000  0.000000 -0.000000  0.000000  0.000000 -0.000000 ) 
 ( -0.000000  0.000000 -0.085315  0.000000 -0.119472  0.000000 ) 
 ( -0.691699  0.000000  0.085315 -0.000000 -0.000000  0.000000 ) 
 (  0.691699 -0.000000 -0.000000  0.000000  0.119472 -0.000000 ) 
     freq (   10) =       1.159416 [THz] =      38.673946 [cm-1]
 ( -0.003965  0.000000 -0.015064  0.000000 -0.134480  0.000000 ) 
 (  0.020625  0.000000  0.078351  0.000000  0.699438  0.000000 ) 
 (  0.009384  0.000000 -0.048712  0.000000 -0.434853  0.000000 ) 
 ( -0.012823  0.000000 -0.048712  0.000000  0.318226  0.000000 ) 
 ( -0.012823  0.000000  0.035648  0.000000 -0.434853  0.000000 ) 
     freq (   11) =       1.159416 [THz] =      38.673946 [cm-1]
 ( -0.054033  0.000000 -0.123171  0.000000  0.015391  0.000000 ) 
 (  0.281028  0.000000  0.640619  0.000000 -0.080049  0.000000 ) 
 (  0.127860  0.000000 -0.398284  0.000000  0.049768  0.000000 ) 
 ( -0.174720  0.000000 -0.398284  0.000000 -0.036420  0.000000 ) 
 ( -0.174720  0.000000  0.291465  0.000000  0.049768  0.000000 ) 
     freq (   12) =       1.159416 [THz] =      38.673946 [cm-1]
 (  0.124066  0.000000 -0.054125  0.000000  0.002405  0.000000 ) 
 ( -0.645272  0.000000  0.281506  0.000000 -0.012507  0.000000 ) 
 ( -0.293582  0.000000 -0.175017  0.000000  0.007776  0.000000 ) 
 (  0.401177  0.000000 -0.175017  0.000000 -0.005690  0.000000 ) 
 (  0.401177  0.000000  0.128078  0.000000  0.007776  0.000000 ) 
     freq (   13) =       2.344153 [THz] =      78.192524 [cm-1]
 (  0.000004 -0.000000 -0.000767  0.000000 -0.006811  0.000000 ) 
 (  0.000334 -0.000000 -0.063199  0.000000 -0.561468  0.000000 ) 
 ( -0.000475  0.000000 -0.014496  0.000000 -0.128788  0.000000 ) 
 (  0.000077 -0.000000 -0.014496  0.000000  0.799389 -0.000000 ) 
 (  0.000077 -0.000000  0.089980 -0.000000 -0.128788  0.000000 ) 
     freq (   14) =       2.344153 [THz] =      78.192524 [cm-1]
 ( -0.006854  0.000000 -0.000036  0.000000  0.000000  0.000000 ) 
 ( -0.565005  0.000000 -0.002983  0.000000 -0.000000  0.000000 ) 
 (  0.804426  0.000000 -0.000684  0.000000 -0.000000  0.000000 ) 
 ( -0.129600  0.000000 -0.000684  0.000000 -0.000000  0.000000 ) 
 ( -0.129600  0.000000  0.004247  0.000000 -0.000000  0.000000 ) 
     freq (   15) =       2.344153 [THz] =      78.192524 [cm-1]
 (  0.000036  0.000000 -0.006810  0.000000  0.000767  0.000000 ) 
 (  0.002964  0.000000 -0.561460  0.000000  0.063200  0.000000 ) 
 ( -0.004221  0.000000 -0.128786  0.000000  0.014497  0.000000 ) 
 (  0.000680  0.000000 -0.128786  0.000000 -0.089981  0.000000 ) 
 (  0.000680  0.000000  0.799378  0.000000  0.014497  0.000000 ) 
 **************************************************************************
