Dynamical matrix file
default                                                                    
  3    5   0  11.6825149   0.0000000   0.0000000   0.0000000   0.0000000   0.0000000
Basis vectors
      0.991725043    0.000000000    0.000000000
      0.000000000    0.991725043    0.000000000
      0.000000000    0.000000000    0.991725043
            1  'Cs  '     121135.9090666961     
            2  'Sn  '     108197.5460994286     
            3  'I   '     115666.3486062552     
    1    1      0.4958625215      0.4958625215      0.4958625215
    2    2      0.0000000000      0.0000000000      0.0000000000
    3    3      0.4958625215      0.0000000000      0.0000000000
    4    3      0.0000000000      0.0000000000      0.4958625215
    5    3      0.0000000000      0.4958625215      0.0000000000

     Dynamical  Matrix in cartesian axes

     q = (    0.000000000   0.000000000   0.000000000 ) 

    1    1
  0.00071873   0.00000000     0.00000000   0.00000000     0.00000000   0.00000000
  0.00000000   0.00000000     0.00071873   0.00000000     0.00000000   0.00000000
  0.00000000   0.00000000     0.00000000   0.00000000     0.00071873   0.00000000
    1    2
 -0.00129076   0.00000000     0.00000000   0.00000000     0.00000000   0.00000000
  0.00000000   0.00000000    -0.00129076   0.00000000     0.00000000   0.00000000
  0.00000000   0.00000000     0.00000000   0.00000000    -0.00129076   0.00000000
    1    3
 -0.00118483   0.00000000     0.00000000   0.00000000     0.00000000   0.00000000
  0.00000000   0.00000000     0.00074369   0.00000000     0.00000000   0.00000000
  0.00000000   0.00000000     0.00000000   0.00000000     0.00074369   0.00000000
    1    4
  0.00074369   0.00000000     0.00000000   0.00000000     0.00000000   0.00000000
  0.00000000   0.00000000     0.00074369   0.00000000     0.00000000   0.00000000
  0.00000000   0.00000000     0.00000000   0.00000000    -0.00118483   0.00000000
    1    5
  0.00074369   0.00000000     0.00000000   0.00000000     0.00000000   0.00000000
  0.00000000   0.00000000    -0.00118483   0.00000000     0.00000000   0.00000000
  0.00000000   0.00000000     0.00000000   0.00000000     0.00074369   0.00000000
    2    1
 -0.00129076   0.00000000     0.00000000   0.00000000     0.00000000   0.00000000
  0.00000000   0.00000000    -0.00129076   0.00000000     0.00000000   0.00000000
  0.00000000   0.00000000     0.00000000   0.00000000    -0.00129076   0.00000000
    2    2
  0.02314848   0.00000000     0.00000000   0.00000000     0.00000000   0.00000000
  0.00000000   0.00000000     0.02314848   0.00000000     0.00000000   0.00000000
  0.00000000   0.00000000     0.00000000   0.00000000     0.02314848   0.00000000
    2    3
 -0.02239595   0.00000000     0.00000000   0.00000000     0.00000000   0.00000000
  0.00000000   0.00000000    -0.00018599   0.00000000     0.00000000   0.00000000
  0.00000000   0.00000000     0.00000000   0.00000000    -0.00018599   0.00000000
    2    4
 -0.00018599   0.00000000     0.00000000   0.00000000     0.00000000   0.00000000
  0.00000000   0.00000000    -0.00018599   0.00000000     0.00000000   0.00000000
  0.00000000   0.00000000     0.00000000   0.00000000    -0.02239595   0.00000000
    2    5
 -0.00018599   0.00000000     0.00000000   0.00000000     0.00000000   0.00000000
  0.00000000   0.00000000    -0.02239595   0.00000000     0.00000000   0.00000000
  0.00000000   0.00000000     0.00000000   0.00000000    -0.00018599   0.00000000
    3    1
 -0.00118483   0.00000000     0.00000000   0.00000000     0.00000000   0.00000000
  0.00000000   0.00000000     0.00074369   0.00000000     0.00000000   0.00000000
  0.00000000   0.00000000     0.00000000   0.00000000     0.00074369   0.00000000
    3    2
 -0.02239595   0.00000000     0.00000000   0.00000000     0.00000000   0.00000000
  0.00000000   0.00000000    -0.00018599   0.00000000     0.00000000   0.00000000
  0.00000000   0.00000000     0.00000000   0.00000000    -0.00018599   0.00000000
    3    3
  0.04029831   0.00000000     0.00000000   0.00000000     0.00000000   0.00000000
  0.00000000   0.00000000     0.00644061   0.00000000     0.00000000   0.00000000
  0.00000000   0.00000000     0.00000000   0.00000000     0.00644061   0.00000000
    3    4
 -0.00833949   0.00000000     0.00000000   0.00000000     0.00000000   0.00000000
  0.00000000   0.00000000     0.00129339   0.00000000     0.00000000   0.00000000
  0.00000000   0.00000000     0.00000000   0.00000000    -0.00833949   0.00000000
    3    5
 -0.00833949   0.00000000     0.00000000   0.00000000     0.00000000   0.00000000
  0.00000000   0.00000000    -0.00833949   0.00000000     0.00000000   0.00000000
  0.00000000   0.00000000     0.00000000   0.00000000     0.00129339   0.00000000
    4    1
  0.00074369   0.00000000     0.00000000   0.00000000     0.00000000   0.00000000
  0.00000000   0.00000000     0.00074369   0.00000000     0.00000000   0.00000000
  0.00000000   0.00000000     0.00000000   0.00000000    -0.00118483   0.00000000
    4    2
 -0.00018599   0.00000000     0.00000000   0.00000000     0.00000000   0.00000000
  0.00000000   0.00000000    -0.00018599   0.00000000     0.00000000   0.00000000
  0.00000000   0.00000000     0.00000000   0.00000000    -0.02239595   0.00000000
    4    3
 -0.00833949   0.00000000     0.00000000   0.00000000     0.00000000   0.00000000
  0.00000000   0.00000000     0.00129339   0.00000000     0.00000000   0.00000000
  0.00000000   0.00000000     0.00000000   0.00000000    -0.00833949   0.00000000
    4    4
  0.00644061   0.00000000     0.00000000   0.00000000     0.00000000   0.00000000
  0.00000000   0.00000000     0.00644061   0.00000000     0.00000000   0.00000000
  0.00000000   0.00000000     0.00000000   0.00000000     0.04029831   0.00000000
    4    5
  0.00129339   0.00000000     0.00000000   0.00000000     0.00000000   0.00000000
  0.00000000   0.00000000    -0.00833949   0.00000000     0.00000000   0.00000000
  0.00000000   0.00000000     0.00000000   0.00000000    -0.00833949   0.00000000
    5    1
  0.00074369   0.00000000     0.00000000   0.00000000     0.00000000   0.00000000
  0.00000000   0.00000000    -0.00118483   0.00000000     0.00000000   0.00000000
  0.00000000   0.00000000     0.00000000   0.00000000     0.00074369   0.00000000
    5    2
 -0.00018599   0.00000000     0.00000000   0.00000000     0.00000000   0.00000000
  0.00000000   0.00000000    -0.02239595   0.00000000     0.00000000   0.00000000
  0.00000000   0.00000000     0.00000000   0.00000000    -0.00018599   0.00000000
    5    3
 -0.00833949   0.00000000     0.00000000   0.00000000     0.00000000   0.00000000
  0.00000000   0.00000000    -0.00833949   0.00000000     0.00000000   0.00000000
  0.00000000   0.00000000     0.00000000   0.00000000     0.00129339   0.00000000
    5    4
  0.00129339   0.00000000     0.00000000   0.00000000     0.00000000   0.00000000
  0.00000000   0.00000000    -0.00833949   0.00000000     0.00000000   0.00000000
  0.00000000   0.00000000     0.00000000   0.00000000    -0.00833949   0.00000000
    5    5
  0.00644061   0.00000000     0.00000000   0.00000000     0.00000000   0.00000000
  0.00000000   0.00000000     0.04029831   0.00000000     0.00000000   0.00000000
  0.00000000   0.00000000     0.00000000   0.00000000     0.00644061   0.00000000

     Diagonalizing the dynamical matrix

     q = (    0.000000000   0.000000000   0.000000000 ) 

 **************************************************************************
     freq (    1) =      -0.154653 [THz] =      -5.158658 [cm-1]
 (  0.483805  0.000000 -0.018229  0.000000  0.000062  0.000000 ) 
 (  0.455651  0.000000 -0.017168  0.000000  0.000058  0.000000 ) 
 (  0.440872  0.000000 -0.016041  0.000000  0.000054  0.000000 ) 
 (  0.425752  0.000000 -0.016041  0.000000  0.000056  0.000000 ) 
 (  0.425752  0.000000 -0.016611  0.000000  0.000054  0.000000 ) 
     freq (    2) =      -0.154653 [THz] =      -5.158658 [cm-1]
 ( -0.010319  0.000000 -0.272527  0.000000  0.400028  0.000000 ) 
 ( -0.009718  0.000000 -0.256668  0.000000  0.376749  0.000000 ) 
 ( -0.009403  0.000000 -0.239826  0.000000  0.352027  0.000000 ) 
 ( -0.009081  0.000000 -0.239826  0.000000  0.364529  0.000000 ) 
 ( -0.009081  0.000000 -0.248343  0.000000  0.352027  0.000000 ) 
     freq (    3) =      -0.154653 [THz] =      -5.158658 [cm-1]
 ( -0.015027  0.000000 -0.399746  0.000000 -0.272722  0.000000 ) 
 ( -0.014152  0.000000 -0.376483  0.000000 -0.256852  0.000000 ) 
 ( -0.013693  0.000000 -0.351779  0.000000 -0.239997  0.000000 ) 
 ( -0.013224  0.000000 -0.351779  0.000000 -0.248520  0.000000 ) 
 ( -0.013224  0.000000 -0.364272  0.000000 -0.239997  0.000000 ) 
     freq (    4) =       0.242573 [THz] =       8.091352 [cm-1]
 ( -0.002103  0.000000  0.006317  0.000000  0.850769  0.000000 ) 
 (  0.000381  0.000000 -0.001143  0.000000 -0.153960  0.000000 ) 
 (  0.000491  0.000000 -0.002423  0.000000 -0.326301  0.000000 ) 
 (  0.000807  0.000000 -0.002423  0.000000 -0.198702  0.000000 ) 
 (  0.000807  0.000000 -0.001475  0.000000 -0.326301  0.000000 ) 
     freq (    5) =       0.242573 [THz] =       8.091352 [cm-1]
 (  0.821654 -0.000000  0.220766 -0.000000  0.000392 -0.000000 ) 
 ( -0.148691  0.000000 -0.039951  0.000000 -0.000071  0.000000 ) 
 ( -0.191902  0.000000 -0.084672  0.000000 -0.000150  0.000000 ) 
 ( -0.315134  0.000000 -0.084672  0.000000 -0.000092  0.000000 ) 
 ( -0.315134  0.000000 -0.051561  0.000000 -0.000150  0.000000 ) 
     freq (    6) =       0.242573 [THz] =       8.091352 [cm-1]
 ( -0.220756  0.000000  0.821630  0.000000 -0.006646  0.000000 ) 
 (  0.039949  0.000000 -0.148686  0.000000  0.001203  0.000000 ) 
 (  0.051559  0.000000 -0.315125  0.000000  0.002549  0.000000 ) 
 (  0.084668  0.000000 -0.315125  0.000000  0.001552  0.000000 ) 
 (  0.084668  0.000000 -0.191897  0.000000  0.002549  0.000000 ) 
     freq (    7) =       0.693998 [THz] =      23.149277 [cm-1]
 (  0.000000  0.000000 -0.000000  0.000000  0.000000  0.000000 ) 
 (  0.000000  0.000000 -0.000000  0.000000  0.000000  0.000000 ) 
 (  0.000000  0.000000 -0.154883  0.000000  0.014024  0.000000 ) 
 ( -0.689793  0.000000  0.154883  0.000000 -0.000000  0.000000 ) 
 (  0.689793  0.000000 -0.000000  0.000000 -0.014024  0.000000 ) 
     freq (    8) =       0.693998 [THz] =      23.149277 [cm-1]
 ( -0.000000  0.000000 -0.000000  0.000000  0.000000 -0.000000 ) 
 (  0.000000 -0.000000  0.000000 -0.000000  0.000000 -0.000000 ) 
 (  0.000000 -0.000000  0.689925 -0.000000  0.007152 -0.000000 ) 
 ( -0.154767  0.000000 -0.689925  0.000000 -0.000000  0.000000 ) 
 (  0.154767 -0.000000  0.000000 -0.000000 -0.007152  0.000000 ) 
     freq (    9) =       0.693998 [THz] =      23.149277 [cm-1]
 ( -0.000000  0.000000  0.000000  0.000000  0.000000  0.000000 ) 
 (  0.000000  0.000000  0.000000  0.000000  0.000000  0.000000 ) 
 (  0.000000  0.000000 -0.003908  0.000000  0.706932  0.000000 ) 
 (  0.015250  0.000000  0.003908  0.000000  0.000000  0.000000 ) 
 ( -0.015250  0.000000  0.000000  0.000000 -0.706932  0.000000 ) 
     freq (   10) =       1.159416 [THz] =      38.673946 [cm-1]
 ( -0.033170  0.000000 -0.131151  0.000000  0.005174 -0.000000 ) 
 (  0.172521 -0.000000  0.682122 -0.000000 -0.026908  0.000000 ) 
 (  0.078492 -0.000000 -0.424087  0.000000  0.016729 -0.000000 ) 
 ( -0.107259  0.000000 -0.424087  0.000000 -0.012243  0.000000 ) 
 ( -0.107259  0.000000  0.310348 -0.000000  0.016729 -0.000000 ) 
     freq (   11) =       1.159416 [THz] =      38.673946 [cm-1]
 (  0.002794  0.000000 -0.006041  0.000000 -0.135215  0.000000 ) 
 ( -0.014532  0.000000  0.031418  0.000000  0.703263  0.000000 ) 
 ( -0.006612  0.000000 -0.019533  0.000000 -0.437231  0.000000 ) 
 (  0.009035  0.000000 -0.019533  0.000000  0.319966  0.000000 ) 
 (  0.009035  0.000000  0.014294  0.000000 -0.437231  0.000000 ) 
     freq (   12) =       1.159416 [THz] =      38.673946 [cm-1]
 (  0.131223  0.000000 -0.033023  0.000000  0.004187  0.000000 ) 
 ( -0.682497  0.000000  0.171757  0.000000 -0.021776  0.000000 ) 
 ( -0.310519  0.000000 -0.106784  0.000000  0.013539  0.000000 ) 
 (  0.424321  0.000000 -0.106784  0.000000 -0.009908  0.000000 ) 
 (  0.424321  0.000000  0.078145  0.000000  0.013539  0.000000 ) 
     freq (   13) =       2.344153 [THz] =      78.192524 [cm-1]
 (  0.000000  0.000000  0.000000  0.000000  0.006854  0.000000 ) 
 (  0.000000  0.000000  0.000000  0.000000  0.565013  0.000000 ) 
 ( -0.000000  0.000000  0.000000  0.000000  0.129601  0.000000 ) 
 (  0.000000  0.000000  0.000000  0.000000 -0.804438  0.000000 ) 
 (  0.000000  0.000000 -0.000000  0.000000  0.129601  0.000000 ) 
     freq (   14) =       2.344153 [THz] =      78.192524 [cm-1]
 (  0.000160  0.000000  0.006852  0.000000 -0.000000  0.000000 ) 
 (  0.013163  0.000000  0.564860  0.000000 -0.000000  0.000000 ) 
 ( -0.018740  0.000000  0.129566  0.000000 -0.000000  0.000000 ) 
 (  0.003019  0.000000  0.129566  0.000000  0.000000  0.000000 ) 
 (  0.003019  0.000000 -0.804219  0.000000 -0.000000  0.000000 ) 
     freq (   15) =       2.344153 [THz] =      78.192524 [cm-1]
 (  0.006852  0.000000 -0.000160  0.000000 -0.000000  0.000000 ) 
 (  0.564860  0.000000 -0.013163  0.000000 -0.000000  0.000000 ) 
 ( -0.804219  0.000000 -0.003019  0.000000  0.000000  0.000000 ) 
 (  0.129566  0.000000 -0.003019  0.000000  0.000000  0.000000 ) 
 (  0.129566  0.000000  0.018740  0.000000  0.000000  0.000000 ) 
 **************************************************************************
