Dynamical matrix file
default                                                                    
  3    5   0  11.6825149   0.0000000   0.0000000   0.0000000   0.0000000   0.0000000
Basis vectors
      0.991725051    0.000000000    0.000000000
      0.000000000    0.991725051    0.000000000
      0.000000000    0.000000000    0.991725051
            1  'Cs  '     121135.9090666961     
            2  'Sn  '     108197.5460994286     
            3  'I   '     115666.3486062552     
    1    1      0.4958625257      0.4958625257      0.4958625257
    2    2      0.0000000000      0.0000000000      0.0000000000
    3    3      0.4958625257      0.0000000000      0.0000000000
    4    3      0.0000000000      0.0000000000      0.4958625257
    5    3      0.0000000000      0.4958625257      0.0000000000

     Dynamical  Matrix in cartesian axes

     q = (    0.000000000   0.000000000   0.000000000 ) 

    1    1
  0.00071870   0.00000000     0.00000000   0.00000000     0.00000000   0.00000000
  0.00000000   0.00000000     0.00071870   0.00000000     0.00000000   0.00000000
  0.00000000   0.00000000     0.00000000   0.00000000     0.00071870   0.00000000
    1    2
 -0.00129076   0.00000000     0.00000000   0.00000000     0.00000000   0.00000000
  0.00000000   0.00000000    -0.00129076   0.00000000     0.00000000   0.00000000
  0.00000000   0.00000000     0.00000000   0.00000000    -0.00129076   0.00000000
    1    3
 -0.00118484   0.00000000     0.00000000   0.00000000     0.00000000   0.00000000
  0.00000000   0.00000000     0.00074382   0.00000000     0.00000000   0.00000000
  0.00000000   0.00000000     0.00000000   0.00000000     0.00074382   0.00000000
    1    4
  0.00074382   0.00000000     0.00000000   0.00000000     0.00000000   0.00000000
  0.00000000   0.00000000     0.00074382   0.00000000     0.00000000   0.00000000
  0.00000000   0.00000000     0.00000000   0.00000000    -0.00118484   0.00000000
    1    5
  0.00074382   0.00000000     0.00000000   0.00000000     0.00000000   0.00000000
  0.00000000   0.00000000    -0.00118484   0.00000000     0.00000000   0.00000000
  0.00000000   0.00000000     0.00000000   0.00000000     0.00074382   0.00000000
    2    1
 -0.00129076   0.00000000     0.00000000   0.00000000     0.00000000   0.00000000
  0.00000000   0.00000000    -0.00129076   0.00000000     0.00000000   0.00000000
  0.00000000   0.00000000     0.00000000   0.00000000    -0.00129076   0.00000000
    2    2
  0.02314841   0.00000000     0.00000000   0.00000000     0.00000000   0.00000000
  0.00000000   0.00000000     0.02314841   0.00000000     0.00000000   0.00000000
  0.00000000   0.00000000     0.00000000   0.00000000     0.02314841   0.00000000
    2    3
 -0.02239631   0.00000000     0.00000000   0.00000000     0.00000000   0.00000000
  0.00000000   0.00000000    -0.00018684   0.00000000     0.00000000   0.00000000
  0.00000000   0.00000000     0.00000000   0.00000000    -0.00018684   0.00000000
    2    4
 -0.00018684   0.00000000     0.00000000   0.00000000     0.00000000   0.00000000
  0.00000000   0.00000000    -0.00018684   0.00000000     0.00000000   0.00000000
  0.00000000   0.00000000     0.00000000   0.00000000    -0.02239631   0.00000000
    2    5
 -0.00018684   0.00000000     0.00000000   0.00000000     0.00000000   0.00000000
  0.00000000   0.00000000    -0.02239631   0.00000000     0.00000000   0.00000000
  0.00000000   0.00000000     0.00000000   0.00000000    -0.00018684   0.00000000
    3    1
 -0.00118484   0.00000000     0.00000000   0.00000000     0.00000000   0.00000000
  0.00000000   0.00000000     0.00074382   0.00000000     0.00000000   0.00000000
  0.00000000   0.00000000     0.00000000   0.00000000     0.00074382   0.00000000
    3    2
 -0.02239631   0.00000000     0.00000000   0.00000000     0.00000000   0.00000000
  0.00000000   0.00000000    -0.00018684   0.00000000     0.00000000   0.00000000
  0.00000000   0.00000000     0.00000000   0.00000000    -0.00018684   0.00000000
    3    3
  0.04029843   0.00000000     0.00000000   0.00000000     0.00000000   0.00000000
  0.00000000   0.00000000     0.00644149   0.00000000     0.00000000   0.00000000
  0.00000000   0.00000000     0.00000000   0.00000000     0.00644149   0.00000000
    3    4
 -0.00833950   0.00000000     0.00000000   0.00000000     0.00000000   0.00000000
  0.00000000   0.00000000     0.00129187   0.00000000     0.00000000   0.00000000
  0.00000000   0.00000000     0.00000000   0.00000000    -0.00833950   0.00000000
    3    5
 -0.00833950   0.00000000     0.00000000   0.00000000     0.00000000   0.00000000
  0.00000000   0.00000000    -0.00833950   0.00000000     0.00000000   0.00000000
  0.00000000   0.00000000     0.00000000   0.00000000     0.00129187   0.00000000
    4    1
  0.00074382   0.00000000     0.00000000   0.00000000     0.00000000   0.00000000
  0.00000000   0.00000000     0.00074382   0.00000000     0.00000000   0.00000000
  0.00000000   0.00000000     0.00000000   0.00000000    -0.00118484   0.00000000
    4    2
 -0.00018684   0.00000000     0.00000000   0.00000000     0.00000000   0.00000000
  0.00000000   0.00000000    -0.00018684   0.00000000     0.00000000   0.00000000
  0.00000000   0.00000000     0.00000000   0.00000000    -0.02239631   0.00000000
    4    3
 -0.00833950   0.00000000     0.00000000   0.00000000     0.00000000   0.00000000
  0.00000000   0.00000000     0.00129187   0.00000000     0.00000000   0.00000000
  0.00000000   0.00000000     0.00000000   0.00000000    -0.00833950   0.00000000
    4    4
  0.00644149   0.00000000     0.00000000   0.00000000     0.00000000   0.00000000
  0.00000000   0.00000000     0.00644149   0.00000000     0.00000000   0.00000000
  0.00000000   0.00000000     0.00000000   0.00000000     0.04029843   0.00000000
    4    5
  0.00129187   0.00000000     0.00000000   0.00000000     0.00000000   0.00000000
  0.00000000   0.00000000    -0.00833950   0.00000000     0.00000000   0.00000000
  0.00000000   0.00000000     0.00000000   0.00000000    -0.00833950   0.00000000
    5    1
  0.00074382   0.00000000     0.00000000   0.00000000     0.00000000   0.00000000
  0.00000000   0.00000000    -0.00118484   0.00000000     0.00000000   0.00000000
  0.00000000   0.00000000     0.00000000   0.00000000     0.00074382   0.00000000
    5    2
 -0.00018684   0.00000000     0.00000000   0.00000000     0.00000000   0.00000000
  0.00000000   0.00000000    -0.02239631   0.00000000     0.00000000   0.00000000
  0.00000000   0.00000000     0.00000000   0.00000000    -0.00018684   0.00000000
    5    3
 -0.00833950   0.00000000     0.00000000   0.00000000     0.00000000   0.00000000
  0.00000000   0.00000000    -0.00833950   0.00000000     0.00000000   0.00000000
  0.00000000   0.00000000     0.00000000   0.00000000     0.00129187   0.00000000
    5    4
  0.00129187   0.00000000     0.00000000   0.00000000     0.00000000   0.00000000
  0.00000000   0.00000000    -0.00833950   0.00000000     0.00000000   0.00000000
  0.00000000   0.00000000     0.00000000   0.00000000    -0.00833950   0.00000000
    5    5
  0.00644149   0.00000000     0.00000000   0.00000000     0.00000000   0.00000000
  0.00000000   0.00000000     0.04029843   0.00000000     0.00000000   0.00000000
  0.00000000   0.00000000     0.00000000   0.00000000     0.00644149   0.00000000

     Diagonalizing the dynamical matrix

     q = (    0.000000000   0.000000000   0.000000000 ) 

 **************************************************************************
     freq (    1) =      -0.154940 [THz] =      -5.168236 [cm-1]
 ( -0.136907  0.000000 -0.463748  0.000000 -0.003508  0.000000 ) 
 ( -0.129133  0.000000 -0.437413  0.000000 -0.003308  0.000000 ) 
 ( -0.124949  0.000000 -0.408815  0.000000 -0.003092  0.000000 ) 
 ( -0.120690  0.000000 -0.408815  0.000000 -0.003201  0.000000 ) 
 ( -0.120690  0.000000 -0.423241  0.000000 -0.003092  0.000000 ) 
     freq (    2) =      -0.154940 [THz] =      -5.168236 [cm-1]
 ( -0.463755  0.000000  0.136921  0.000000 -0.001505  0.000000 ) 
 ( -0.437419  0.000000  0.129145  0.000000 -0.001420  0.000000 ) 
 ( -0.423247  0.000000  0.120702  0.000000 -0.001327  0.000000 ) 
 ( -0.408821  0.000000  0.120702  0.000000 -0.001374  0.000000 ) 
 ( -0.408821  0.000000  0.124961  0.000000 -0.001327  0.000000 ) 
     freq (    3) =      -0.154940 [THz] =      -5.168236 [cm-1]
 ( -0.002437  0.000000 -0.002938  0.000000  0.483532 -0.000000 ) 
 ( -0.002299  0.000000 -0.002771  0.000000  0.456074 -0.000000 ) 
 ( -0.002224  0.000000 -0.002590  0.000000  0.426256 -0.000000 ) 
 ( -0.002148  0.000000 -0.002590  0.000000  0.441297 -0.000000 ) 
 ( -0.002148  0.000000 -0.002681  0.000000  0.426256 -0.000000 ) 
     freq (    4) =       0.242482 [THz] =       8.088318 [cm-1]
 (  0.453792  0.000000  0.720099  0.000000 -0.001401  0.000000 ) 
 ( -0.081917  0.000000 -0.129989  0.000000  0.000253  0.000000 ) 
 ( -0.105771  0.000000 -0.275810  0.000000  0.000536  0.000000 ) 
 ( -0.173810  0.000000 -0.275810  0.000000  0.000326  0.000000 ) 
 ( -0.173810  0.000000 -0.167842  0.000000  0.000536  0.000000 ) 
     freq (    5) =       0.242482 [THz] =       8.088318 [cm-1]
 ( -0.040267  0.000000  0.023723  0.000000 -0.849875  0.000000 ) 
 (  0.007269  0.000000 -0.004282  0.000000  0.153416  0.000000 ) 
 (  0.009386  0.000000 -0.009086  0.000000  0.325516  0.000000 ) 
 (  0.015423  0.000000 -0.009086  0.000000  0.198091  0.000000 ) 
 (  0.015423  0.000000 -0.005529  0.000000  0.325516  0.000000 ) 
     freq (    6) =       0.242482 [THz] =       8.088318 [cm-1]
 (  0.718973 -0.000000 -0.453174  0.000000 -0.046714  0.000000 ) 
 ( -0.129786  0.000000  0.081805 -0.000000  0.008433 -0.000000 ) 
 ( -0.167580  0.000000  0.173573 -0.000000  0.017892 -0.000000 ) 
 ( -0.275379  0.000000  0.173573 -0.000000  0.010888 -0.000000 ) 
 ( -0.275379  0.000000  0.105627 -0.000000  0.017892 -0.000000 ) 
     freq (    7) =       0.694159 [THz] =      23.154654 [cm-1]
 ( -0.000000  0.000000  0.000000 -0.000000 -0.000000  0.000000 ) 
 ( -0.000000  0.000000 -0.000000  0.000000  0.000000 -0.000000 ) 
 ( -0.000000  0.000000 -0.681878  0.000000  0.178869 -0.000000 ) 
 ( -0.055212  0.000000  0.681878 -0.000000  0.000000 -0.000000 ) 
 (  0.055212 -0.000000 -0.000000  0.000000 -0.178869  0.000000 ) 
     freq (    8) =       0.694159 [THz] =      23.154654 [cm-1]
 ( -0.000000  0.000000 -0.000000  0.000000 -0.000000  0.000000 ) 
 (  0.000000  0.000000  0.000000  0.000000  0.000000  0.000000 ) 
 (  0.000000  0.000000 -0.016250  0.000000  0.151211  0.000000 ) 
 (  0.690559  0.000000  0.016250  0.000000  0.000000  0.000000 ) 
 ( -0.690559  0.000000  0.000000  0.000000 -0.151211  0.000000 ) 
     freq (    9) =       0.694159 [THz] =      23.154654 [cm-1]
 ( -0.000000  0.000000 -0.000000  0.000000  0.000000  0.000000 ) 
 (  0.000000  0.000000  0.000000  0.000000 -0.000000  0.000000 ) 
 (  0.000000  0.000000 -0.186490  0.000000 -0.667189  0.000000 ) 
 (  0.141705  0.000000  0.186490  0.000000 -0.000000  0.000000 ) 
 ( -0.141705  0.000000 -0.000000  0.000000  0.667189  0.000000 ) 
     freq (   10) =       1.159443 [THz] =      38.674859 [cm-1]
 ( -0.058685  0.000000  0.121863  0.000000  0.005778  0.000000 ) 
 (  0.305214  0.000000 -0.633800  0.000000 -0.030051  0.000000 ) 
 (  0.138867  0.000000  0.394059  0.000000  0.018684  0.000000 ) 
 ( -0.189764  0.000000  0.394059  0.000000 -0.013673  0.000000 ) 
 ( -0.189764  0.000000 -0.288368  0.000000  0.018684  0.000000 ) 
     freq (   11) =       1.159443 [THz] =      38.674859 [cm-1]
 (  0.121878  0.000000  0.058847  0.000000 -0.003277  0.000000 ) 
 ( -0.633876  0.000000 -0.306059  0.000000  0.017043  0.000000 ) 
 ( -0.288403  0.000000  0.190289  0.000000 -0.010596  0.000000 ) 
 (  0.394106  0.000000  0.190289  0.000000  0.007754  0.000000 ) 
 (  0.394106  0.000000 -0.139252  0.000000 -0.010596  0.000000 ) 
     freq (   12) =       1.159443 [THz] =      38.674859 [cm-1]
 ( -0.005461  0.000000  0.003781 -0.000000 -0.135217  0.000000 ) 
 (  0.028404 -0.000000 -0.019666  0.000000  0.703255 -0.000000 ) 
 (  0.012923 -0.000000  0.012227 -0.000000 -0.437242  0.000000 ) 
 ( -0.017660  0.000000  0.012227 -0.000000  0.319969 -0.000000 ) 
 ( -0.017660  0.000000 -0.008948  0.000000 -0.437242  0.000000 ) 
     freq (   13) =       2.344155 [THz] =      78.192602 [cm-1]
 ( -0.006850  0.000000 -0.000239  0.000000 -0.000000  0.000000 ) 
 ( -0.564671  0.000000 -0.019688  0.000000  0.000000  0.000000 ) 
 (  0.803952  0.000000 -0.004516  0.000000  0.000000  0.000000 ) 
 ( -0.129512  0.000000 -0.004516  0.000000  0.000000  0.000000 ) 
 ( -0.129512  0.000000  0.028031  0.000000  0.000000  0.000000 ) 
     freq (   14) =       2.344155 [THz] =      78.192602 [cm-1]
 ( -0.000169  0.000000  0.004844 -0.000000 -0.004847  0.000000 ) 
 ( -0.013922  0.000000  0.399283 -0.000000 -0.399525  0.000000 ) 
 (  0.019821 -0.000000  0.091579 -0.000000 -0.091635  0.000000 ) 
 ( -0.003193  0.000000  0.091579 -0.000000  0.568825 -0.000000 ) 
 ( -0.003193  0.000000 -0.568480  0.000000 -0.091635  0.000000 ) 
     freq (   15) =       2.344155 [THz] =      78.192602 [cm-1]
 ( -0.000169  0.000000  0.004844  0.000000  0.004847  0.000000 ) 
 ( -0.013922  0.000000  0.399283  0.000000  0.399525  0.000000 ) 
 (  0.019821  0.000000  0.091579  0.000000  0.091635  0.000000 ) 
 ( -0.003193  0.000000  0.091579  0.000000 -0.568825  0.000000 ) 
 ( -0.003193  0.000000 -0.568480  0.000000  0.091635  0.000000 ) 
 **************************************************************************
