Dynamical matrix file
default                                                                    
  3    5   0  11.6825149   0.0000000   0.0000000   0.0000000   0.0000000   0.0000000
Basis vectors
      0.991724572    0.000000000    0.000000000
      0.000000000    0.991724572    0.000000000
      0.000000000    0.000000000    0.991724572
            1  'Cs  '     121135.9090666961     
            2  'Sn  '     108197.5460994286     
            3  'I   '     115666.3486062552     
    1    1      0.4958622861      0.4958622861      0.4958622861
    2    2      0.0000000000      0.0000000000      0.0000000000
    3    3      0.4958622861      0.0000000000      0.0000000000
    4    3      0.0000000000      0.0000000000      0.4958622861
    5    3      0.0000000000      0.4958622861      0.0000000000

     Dynamical  Matrix in cartesian axes

     q = (    0.000000000   0.000000000   0.000000000 ) 

    1    1
  0.00071877   0.00000000     0.00000000   0.00000000     0.00000000   0.00000000
  0.00000000   0.00000000     0.00071877   0.00000000     0.00000000   0.00000000
  0.00000000   0.00000000     0.00000000   0.00000000     0.00071877   0.00000000
    1    2
 -0.00129077   0.00000000     0.00000000   0.00000000     0.00000000   0.00000000
  0.00000000   0.00000000    -0.00129077   0.00000000     0.00000000   0.00000000
  0.00000000   0.00000000     0.00000000   0.00000000    -0.00129077   0.00000000
    1    3
 -0.00118482   0.00000000     0.00000000   0.00000000     0.00000000   0.00000000
  0.00000000   0.00000000     0.00074366   0.00000000     0.00000000   0.00000000
  0.00000000   0.00000000     0.00000000   0.00000000     0.00074366   0.00000000
    1    4
  0.00074366   0.00000000     0.00000000   0.00000000     0.00000000   0.00000000
  0.00000000   0.00000000     0.00074366   0.00000000     0.00000000   0.00000000
  0.00000000   0.00000000     0.00000000   0.00000000    -0.00118482   0.00000000
    1    5
  0.00074366   0.00000000     0.00000000   0.00000000     0.00000000   0.00000000
  0.00000000   0.00000000    -0.00118482   0.00000000     0.00000000   0.00000000
  0.00000000   0.00000000     0.00000000   0.00000000     0.00074366   0.00000000
    2    1
 -0.00129077   0.00000000     0.00000000   0.00000000     0.00000000   0.00000000
  0.00000000   0.00000000    -0.00129077   0.00000000     0.00000000   0.00000000
  0.00000000   0.00000000     0.00000000   0.00000000    -0.00129077   0.00000000
    2    2
  0.02314953   0.00000000     0.00000000   0.00000000     0.00000000   0.00000000
  0.00000000   0.00000000     0.02314953   0.00000000     0.00000000   0.00000000
  0.00000000   0.00000000     0.00000000   0.00000000     0.02314953   0.00000000
    2    3
 -0.02239650   0.00000000     0.00000000   0.00000000     0.00000000   0.00000000
  0.00000000   0.00000000    -0.00018602   0.00000000     0.00000000   0.00000000
  0.00000000   0.00000000     0.00000000   0.00000000    -0.00018602   0.00000000
    2    4
 -0.00018602   0.00000000     0.00000000   0.00000000     0.00000000   0.00000000
  0.00000000   0.00000000    -0.00018602   0.00000000     0.00000000   0.00000000
  0.00000000   0.00000000     0.00000000   0.00000000    -0.02239650   0.00000000
    2    5
 -0.00018602   0.00000000     0.00000000   0.00000000     0.00000000   0.00000000
  0.00000000   0.00000000    -0.02239650   0.00000000     0.00000000   0.00000000
  0.00000000   0.00000000     0.00000000   0.00000000    -0.00018602   0.00000000
    3    1
 -0.00118482   0.00000000     0.00000000   0.00000000     0.00000000   0.00000000
  0.00000000   0.00000000     0.00074366   0.00000000     0.00000000   0.00000000
  0.00000000   0.00000000     0.00000000   0.00000000     0.00074366   0.00000000
    3    2
 -0.02239650   0.00000000     0.00000000   0.00000000     0.00000000   0.00000000
  0.00000000   0.00000000    -0.00018602   0.00000000     0.00000000   0.00000000
  0.00000000   0.00000000     0.00000000   0.00000000    -0.00018602   0.00000000
    3    3
  0.04029891   0.00000000     0.00000000   0.00000000     0.00000000   0.00000000
  0.00000000   0.00000000     0.00644287   0.00000000     0.00000000   0.00000000
  0.00000000   0.00000000     0.00000000   0.00000000     0.00644287   0.00000000
    3    4
 -0.00833952   0.00000000     0.00000000   0.00000000     0.00000000   0.00000000
  0.00000000   0.00000000     0.00129131   0.00000000     0.00000000   0.00000000
  0.00000000   0.00000000     0.00000000   0.00000000    -0.00833952   0.00000000
    3    5
 -0.00833952   0.00000000     0.00000000   0.00000000     0.00000000   0.00000000
  0.00000000   0.00000000    -0.00833952   0.00000000     0.00000000   0.00000000
  0.00000000   0.00000000     0.00000000   0.00000000     0.00129131   0.00000000
    4    1
  0.00074366   0.00000000     0.00000000   0.00000000     0.00000000   0.00000000
  0.00000000   0.00000000     0.00074366   0.00000000     0.00000000   0.00000000
  0.00000000   0.00000000     0.00000000   0.00000000    -0.00118482   0.00000000
    4    2
 -0.00018602   0.00000000     0.00000000   0.00000000     0.00000000   0.00000000
  0.00000000   0.00000000    -0.00018602   0.00000000     0.00000000   0.00000000
  0.00000000   0.00000000     0.00000000   0.00000000    -0.02239650   0.00000000
    4    3
 -0.00833952   0.00000000     0.00000000   0.00000000     0.00000000   0.00000000
  0.00000000   0.00000000     0.00129131   0.00000000     0.00000000   0.00000000
  0.00000000   0.00000000     0.00000000   0.00000000    -0.00833952   0.00000000
    4    4
  0.00644287   0.00000000     0.00000000   0.00000000     0.00000000   0.00000000
  0.00000000   0.00000000     0.00644287   0.00000000     0.00000000   0.00000000
  0.00000000   0.00000000     0.00000000   0.00000000     0.04029891   0.00000000
    4    5
  0.00129131   0.00000000     0.00000000   0.00000000     0.00000000   0.00000000
  0.00000000   0.00000000    -0.00833952   0.00000000     0.00000000   0.00000000
  0.00000000   0.00000000     0.00000000   0.00000000    -0.00833952   0.00000000
    5    1
  0.00074366   0.00000000     0.00000000   0.00000000     0.00000000   0.00000000
  0.00000000   0.00000000    -0.00118482   0.00000000     0.00000000   0.00000000
  0.00000000   0.00000000     0.00000000   0.00000000     0.00074366   0.00000000
    5    2
 -0.00018602   0.00000000     0.00000000   0.00000000     0.00000000   0.00000000
  0.00000000   0.00000000    -0.02239650   0.00000000     0.00000000   0.00000000
  0.00000000   0.00000000     0.00000000   0.00000000    -0.00018602   0.00000000
    5    3
 -0.00833952   0.00000000     0.00000000   0.00000000     0.00000000   0.00000000
  0.00000000   0.00000000    -0.00833952   0.00000000     0.00000000   0.00000000
  0.00000000   0.00000000     0.00000000   0.00000000     0.00129131   0.00000000
    5    4
  0.00129131   0.00000000     0.00000000   0.00000000     0.00000000   0.00000000
  0.00000000   0.00000000    -0.00833952   0.00000000     0.00000000   0.00000000
  0.00000000   0.00000000     0.00000000   0.00000000    -0.00833952   0.00000000
    5    5
  0.00644287   0.00000000     0.00000000   0.00000000     0.00000000   0.00000000
  0.00000000   0.00000000     0.04029891   0.00000000     0.00000000   0.00000000
  0.00000000   0.00000000     0.00000000   0.00000000     0.00644287   0.00000000

     Diagonalizing the dynamical matrix

     q = (    0.000000000   0.000000000   0.000000000 ) 

 **************************************************************************
     freq (    1) =      -0.154619 [THz] =      -5.157525 [cm-1]
 (  0.128284  0.000000 -0.152906  0.000000 -0.441157  0.000000 ) 
 (  0.120800  0.000000 -0.143986  0.000000 -0.415420  0.000000 ) 
 (  0.116882  0.000000 -0.134537  0.000000 -0.388158  0.000000 ) 
 (  0.112872  0.000000 -0.134537  0.000000 -0.401947  0.000000 ) 
 (  0.112872  0.000000 -0.139316  0.000000 -0.388158  0.000000 ) 
     freq (    2) =      -0.154619 [THz] =      -5.157525 [cm-1]
 ( -0.409971  0.000000  0.182049  0.000000 -0.182314  0.000000 ) 
 ( -0.386053  0.000000  0.171428  0.000000 -0.171678  0.000000 ) 
 ( -0.373533  0.000000  0.160178  0.000000 -0.160411  0.000000 ) 
 ( -0.360718  0.000000  0.160178  0.000000 -0.166110  0.000000 ) 
 ( -0.360718  0.000000  0.165869  0.000000 -0.160411  0.000000 ) 
     freq (    3) =      -0.154619 [THz] =      -5.157525 [cm-1]
 ( -0.223436  0.000000 -0.421823  0.000000  0.081232  0.000000 ) 
 ( -0.210400  0.000000 -0.397213  0.000000  0.076493  0.000000 ) 
 ( -0.203577  0.000000 -0.371146  0.000000  0.071473  0.000000 ) 
 ( -0.196593  0.000000 -0.371146  0.000000  0.074012  0.000000 ) 
 ( -0.196593  0.000000 -0.384331  0.000000  0.071473  0.000000 ) 
     freq (    4) =       0.242591 [THz] =       8.091968 [cm-1]
 ( -0.474498  0.000000  0.704711  0.000000 -0.045033  0.000000 ) 
 (  0.085889  0.000000 -0.127560  0.000000  0.008152  0.000000 ) 
 (  0.110844  0.000000 -0.270316  0.000000  0.017274  0.000000 ) 
 (  0.182010  0.000000 -0.270316  0.000000  0.010520  0.000000 ) 
 (  0.182010  0.000000 -0.164622  0.000000  0.017274  0.000000 ) 
     freq (    5) =       0.242591 [THz] =       8.091968 [cm-1]
 (  0.706144  0.000000  0.473360  0.000000 -0.032921  0.000000 ) 
 ( -0.127820  0.000000 -0.085683  0.000000  0.005959  0.000000 ) 
 ( -0.164957  0.000000 -0.181574  0.000000  0.012628  0.000000 ) 
 ( -0.270866  0.000000 -0.181574  0.000000  0.007690  0.000000 ) 
 ( -0.270866  0.000000 -0.110578  0.000000  0.012628  0.000000 ) 
     freq (    6) =       0.242591 [THz] =       8.091968 [cm-1]
 ( -0.002213  0.000000 -0.055740  0.000000 -0.848930  0.000000 ) 
 (  0.000401  0.000000  0.010089  0.000000  0.153665  0.000000 ) 
 (  0.000517  0.000000  0.021381  0.000000  0.325636  0.000000 ) 
 (  0.000849  0.000000  0.021381  0.000000  0.198312  0.000000 ) 
 (  0.000849  0.000000  0.013021  0.000000  0.325636  0.000000 ) 
     freq (    7) =       0.694290 [THz] =      23.159010 [cm-1]
 ( -0.000000  0.000000  0.000000 -0.000000 -0.000000  0.000000 ) 
 (  0.000000 -0.000000 -0.000000  0.000000 -0.000000  0.000000 ) 
 (  0.000000 -0.000000  0.001599 -0.000000  0.707009 -0.000000 ) 
 (  0.011628 -0.000000 -0.001599  0.000000 -0.000000  0.000000 ) 
 ( -0.011628  0.000000 -0.000000  0.000000 -0.707009  0.000000 ) 
     freq (    8) =       0.694290 [THz] =      23.159010 [cm-1]
 ( -0.000000  0.000000  0.000000  0.000000  0.000000  0.000000 ) 
 (  0.000000  0.000000 -0.000000  0.000000 -0.000000  0.000000 ) 
 (  0.000000  0.000000 -0.039037  0.000000  0.011698  0.000000 ) 
 ( -0.705931  0.000000  0.039037  0.000000  0.000000  0.000000 ) 
 (  0.705931  0.000000 -0.000000  0.000000 -0.011698  0.000000 ) 
     freq (    9) =       0.694290 [THz] =      23.159010 [cm-1]
 (  0.000000 -0.000000 -0.000000  0.000000 -0.000000  0.000000 ) 
 ( -0.000000  0.000000  0.000000 -0.000000  0.000000 -0.000000 ) 
 ( -0.000000  0.000000 -0.706027  0.000000  0.000954 -0.000000 ) 
 (  0.039058 -0.000000  0.706027 -0.000000 -0.000000  0.000000 ) 
 ( -0.039058  0.000000  0.000000 -0.000000 -0.000954  0.000000 ) 
     freq (   10) =       1.159435 [THz] =      38.674588 [cm-1]
 (  0.001615  0.000000  0.000193  0.000000  0.135364  0.000000 ) 
 ( -0.008402  0.000000 -0.001001  0.000000 -0.704061  0.000000 ) 
 ( -0.003823  0.000000  0.000623  0.000000  0.437728  0.000000 ) 
 (  0.005224  0.000000  0.000623  0.000000 -0.320342  0.000000 ) 
 (  0.005224  0.000000 -0.000456  0.000000  0.437728  0.000000 ) 
     freq (   11) =       1.159435 [THz] =      38.674588 [cm-1]
 ( -0.012424  0.000000  0.134803  0.000000 -0.000043  0.000000 ) 
 (  0.064618  0.000000 -0.701141  0.000000  0.000226  0.000000 ) 
 (  0.029401  0.000000  0.435912  0.000000 -0.000141  0.000000 ) 
 ( -0.040174  0.000000  0.435912  0.000000  0.000103  0.000000 ) 
 ( -0.040174  0.000000 -0.319013  0.000000 -0.000141  0.000000 ) 
     freq (   12) =       1.159435 [THz] =      38.674588 [cm-1]
 ( -0.134793  0.000000 -0.012422  0.000000  0.001626  0.000000 ) 
 (  0.701090  0.000000  0.064610  0.000000 -0.008459  0.000000 ) 
 (  0.318990  0.000000 -0.040169  0.000000  0.005259  0.000000 ) 
 ( -0.435881  0.000000 -0.040169  0.000000 -0.003849  0.000000 ) 
 ( -0.435881  0.000000  0.029397  0.000000  0.005259  0.000000 ) 
     freq (   13) =       2.344178 [THz] =      78.193354 [cm-1]
 (  0.000000  0.000000 -0.000000  0.000000  0.006853  0.000000 ) 
 (  0.000000  0.000000 -0.000000  0.000000  0.565021  0.000000 ) 
 ( -0.000000  0.000000 -0.000000  0.000000  0.129598  0.000000 ) 
 (  0.000000  0.000000 -0.000000  0.000000 -0.804433  0.000000 ) 
 (  0.000000  0.000000  0.000000  0.000000  0.129598  0.000000 ) 
     freq (   14) =       2.344178 [THz] =      78.193354 [cm-1]
 ( -0.006849  0.000000 -0.000217  0.000000 -0.000000  0.000000 ) 
 ( -0.564738  0.000000 -0.017879  0.000000  0.000000  0.000000 ) 
 (  0.804030  0.000000 -0.004101  0.000000  0.000000  0.000000 ) 
 ( -0.129533  0.000000 -0.004101  0.000000 -0.000000  0.000000 ) 
 ( -0.129533  0.000000  0.025455  0.000000 -0.000000  0.000000 ) 
     freq (   15) =       2.344178 [THz] =      78.193354 [cm-1]
 (  0.000217  0.000000 -0.006849  0.000000  0.000000  0.000000 ) 
 (  0.017879  0.000000 -0.564738  0.000000 -0.000000  0.000000 ) 
 ( -0.025455  0.000000 -0.129533  0.000000  0.000000  0.000000 ) 
 (  0.004101  0.000000 -0.129533  0.000000  0.000000  0.000000 ) 
 (  0.004101  0.000000  0.804030  0.000000 -0.000000  0.000000 ) 
 **************************************************************************
