Dynamical matrix file
default                                                                    
  3    5   0  11.6825149   0.0000000   0.0000000   0.0000000   0.0000000   0.0000000
Basis vectors
      0.991724822    0.000000000    0.000000000
      0.000000000    0.991724822    0.000000000
      0.000000000    0.000000000    0.991724822
            1  'Cs  '     121135.9090666961     
            2  'Sn  '     108197.5460994286     
            3  'I   '     115666.3486062552     
    1    1      0.4958624112      0.4958624112      0.4958624112
    2    2      0.0000000000      0.0000000000      0.0000000000
    3    3      0.4958624112      0.0000000000      0.0000000000
    4    3      0.0000000000      0.0000000000      0.4958624112
    5    3      0.0000000000      0.4958624112      0.0000000000

     Dynamical  Matrix in cartesian axes

     q = (    0.000000000   0.000000000   0.000000000 ) 

    1    1
  0.00071872   0.00000000     0.00000000   0.00000000     0.00000000   0.00000000
  0.00000000   0.00000000     0.00071872   0.00000000     0.00000000   0.00000000
  0.00000000   0.00000000     0.00000000   0.00000000     0.00071872   0.00000000
    1    2
 -0.00129079   0.00000000     0.00000000   0.00000000     0.00000000   0.00000000
  0.00000000   0.00000000    -0.00129079   0.00000000     0.00000000   0.00000000
  0.00000000   0.00000000     0.00000000   0.00000000    -0.00129079   0.00000000
    1    3
 -0.00118481   0.00000000     0.00000000   0.00000000     0.00000000   0.00000000
  0.00000000   0.00000000     0.00074370   0.00000000     0.00000000   0.00000000
  0.00000000   0.00000000     0.00000000   0.00000000     0.00074370   0.00000000
    1    4
  0.00074370   0.00000000     0.00000000   0.00000000     0.00000000   0.00000000
  0.00000000   0.00000000     0.00074370   0.00000000     0.00000000   0.00000000
  0.00000000   0.00000000     0.00000000   0.00000000    -0.00118481   0.00000000
    1    5
  0.00074370   0.00000000     0.00000000   0.00000000     0.00000000   0.00000000
  0.00000000   0.00000000    -0.00118481   0.00000000     0.00000000   0.00000000
  0.00000000   0.00000000     0.00000000   0.00000000     0.00074370   0.00000000
    2    1
 -0.00129079   0.00000000     0.00000000   0.00000000     0.00000000   0.00000000
  0.00000000   0.00000000    -0.00129079   0.00000000     0.00000000   0.00000000
  0.00000000   0.00000000     0.00000000   0.00000000    -0.00129079   0.00000000
    2    2
  0.02314901   0.00000000     0.00000000   0.00000000     0.00000000   0.00000000
  0.00000000   0.00000000     0.02314901   0.00000000     0.00000000   0.00000000
  0.00000000   0.00000000     0.00000000   0.00000000     0.02314901   0.00000000
    2    3
 -0.02239605   0.00000000     0.00000000   0.00000000     0.00000000   0.00000000
  0.00000000   0.00000000    -0.00018620   0.00000000     0.00000000   0.00000000
  0.00000000   0.00000000     0.00000000   0.00000000    -0.00018620   0.00000000
    2    4
 -0.00018620   0.00000000     0.00000000   0.00000000     0.00000000   0.00000000
  0.00000000   0.00000000    -0.00018620   0.00000000     0.00000000   0.00000000
  0.00000000   0.00000000     0.00000000   0.00000000    -0.02239605   0.00000000
    2    5
 -0.00018620   0.00000000     0.00000000   0.00000000     0.00000000   0.00000000
  0.00000000   0.00000000    -0.02239605   0.00000000     0.00000000   0.00000000
  0.00000000   0.00000000     0.00000000   0.00000000    -0.00018620   0.00000000
    3    1
 -0.00118481   0.00000000     0.00000000   0.00000000     0.00000000   0.00000000
  0.00000000   0.00000000     0.00074370   0.00000000     0.00000000   0.00000000
  0.00000000   0.00000000     0.00000000   0.00000000     0.00074370   0.00000000
    3    2
 -0.02239605   0.00000000     0.00000000   0.00000000     0.00000000   0.00000000
  0.00000000   0.00000000    -0.00018620   0.00000000     0.00000000   0.00000000
  0.00000000   0.00000000     0.00000000   0.00000000    -0.00018620   0.00000000
    3    3
  0.04029851   0.00000000     0.00000000   0.00000000     0.00000000   0.00000000
  0.00000000   0.00000000     0.00644072   0.00000000     0.00000000   0.00000000
  0.00000000   0.00000000     0.00000000   0.00000000     0.00644072   0.00000000
    3    4
 -0.00833945   0.00000000     0.00000000   0.00000000     0.00000000   0.00000000
  0.00000000   0.00000000     0.00129339   0.00000000     0.00000000   0.00000000
  0.00000000   0.00000000     0.00000000   0.00000000    -0.00833945   0.00000000
    3    5
 -0.00833945   0.00000000     0.00000000   0.00000000     0.00000000   0.00000000
  0.00000000   0.00000000    -0.00833945   0.00000000     0.00000000   0.00000000
  0.00000000   0.00000000     0.00000000   0.00000000     0.00129339   0.00000000
    4    1
  0.00074370   0.00000000     0.00000000   0.00000000     0.00000000   0.00000000
  0.00000000   0.00000000     0.00074370   0.00000000     0.00000000   0.00000000
  0.00000000   0.00000000     0.00000000   0.00000000    -0.00118481   0.00000000
    4    2
 -0.00018620   0.00000000     0.00000000   0.00000000     0.00000000   0.00000000
  0.00000000   0.00000000    -0.00018620   0.00000000     0.00000000   0.00000000
  0.00000000   0.00000000     0.00000000   0.00000000    -0.02239605   0.00000000
    4    3
 -0.00833945   0.00000000     0.00000000   0.00000000     0.00000000   0.00000000
  0.00000000   0.00000000     0.00129339   0.00000000     0.00000000   0.00000000
  0.00000000   0.00000000     0.00000000   0.00000000    -0.00833945   0.00000000
    4    4
  0.00644072   0.00000000     0.00000000   0.00000000     0.00000000   0.00000000
  0.00000000   0.00000000     0.00644072   0.00000000     0.00000000   0.00000000
  0.00000000   0.00000000     0.00000000   0.00000000     0.04029851   0.00000000
    4    5
  0.00129339   0.00000000     0.00000000   0.00000000     0.00000000   0.00000000
  0.00000000   0.00000000    -0.00833945   0.00000000     0.00000000   0.00000000
  0.00000000   0.00000000     0.00000000   0.00000000    -0.00833945   0.00000000
    5    1
  0.00074370   0.00000000     0.00000000   0.00000000     0.00000000   0.00000000
  0.00000000   0.00000000    -0.00118481   0.00000000     0.00000000   0.00000000
  0.00000000   0.00000000     0.00000000   0.00000000     0.00074370   0.00000000
    5    2
 -0.00018620   0.00000000     0.00000000   0.00000000     0.00000000   0.00000000
  0.00000000   0.00000000    -0.02239605   0.00000000     0.00000000   0.00000000
  0.00000000   0.00000000     0.00000000   0.00000000    -0.00018620   0.00000000
    5    3
 -0.00833945   0.00000000     0.00000000   0.00000000     0.00000000   0.00000000
  0.00000000   0.00000000    -0.00833945   0.00000000     0.00000000   0.00000000
  0.00000000   0.00000000     0.00000000   0.00000000     0.00129339   0.00000000
    5    4
  0.00129339   0.00000000     0.00000000   0.00000000     0.00000000   0.00000000
  0.00000000   0.00000000    -0.00833945   0.00000000     0.00000000   0.00000000
  0.00000000   0.00000000     0.00000000   0.00000000    -0.00833945   0.00000000
    5    5
  0.00644072   0.00000000     0.00000000   0.00000000     0.00000000   0.00000000
  0.00000000   0.00000000     0.04029851   0.00000000     0.00000000   0.00000000
  0.00000000   0.00000000     0.00000000   0.00000000     0.00644072   0.00000000

     Diagonalizing the dynamical matrix

     q = (    0.000000000   0.000000000   0.000000000 ) 

 **************************************************************************
     freq (    1) =      -0.154650 [THz] =      -5.158559 [cm-1]
 ( -0.002454  0.000000 -0.016400  0.000000 -0.483863  0.000000 ) 
 ( -0.002311  0.000000 -0.015446  0.000000 -0.455706  0.000000 ) 
 ( -0.002236  0.000000 -0.014433  0.000000 -0.425806  0.000000 ) 
 ( -0.002159  0.000000 -0.014433  0.000000 -0.440924  0.000000 ) 
 ( -0.002159  0.000000 -0.014945  0.000000 -0.425806  0.000000 ) 
     freq (    2) =      -0.154650 [THz] =      -5.158559 [cm-1]
 ( -0.479121  0.000000 -0.069413  0.000000  0.004782  0.000000 ) 
 ( -0.451240  0.000000 -0.065374  0.000000  0.004504  0.000000 ) 
 ( -0.436603  0.000000 -0.061085  0.000000  0.004209  0.000000 ) 
 ( -0.421634  0.000000 -0.061085  0.000000  0.004358  0.000000 ) 
 ( -0.421634  0.000000 -0.063254  0.000000  0.004209  0.000000 ) 
     freq (    3) =      -0.154650 [THz] =      -5.158559 [cm-1]
 (  0.069535  0.000000 -0.478864  0.000000  0.015878  0.000000 ) 
 (  0.065488  0.000000 -0.450998  0.000000  0.014954  0.000000 ) 
 (  0.063364  0.000000 -0.421408  0.000000  0.013973  0.000000 ) 
 (  0.061192  0.000000 -0.421408  0.000000  0.014469  0.000000 ) 
 (  0.061192  0.000000 -0.436369  0.000000  0.013973  0.000000 ) 
     freq (    4) =       0.242570 [THz] =       8.091269 [cm-1]
 (  0.648518 -0.000000 -0.550692  0.000000  0.004201 -0.000000 ) 
 ( -0.117360  0.000000  0.099657 -0.000000 -0.000760  0.000000 ) 
 ( -0.151464  0.000000  0.211209 -0.000000 -0.001611  0.000000 ) 
 ( -0.248728  0.000000  0.211209 -0.000000 -0.000981  0.000000 ) 
 ( -0.248728  0.000000  0.128617 -0.000000 -0.001611  0.000000 ) 
     freq (    5) =       0.242570 [THz] =       8.091269 [cm-1]
 (  0.003208  0.000000 -0.002713  0.000000 -0.850786  0.000000 ) 
 ( -0.000580  0.000000  0.000491  0.000000  0.153964  0.000000 ) 
 ( -0.000749  0.000000  0.001040  0.000000  0.326305  0.000000 ) 
 ( -0.001230  0.000000  0.001040  0.000000  0.198705  0.000000 ) 
 ( -0.001230  0.000000  0.000634  0.000000  0.326305  0.000000 ) 
     freq (    6) =       0.242570 [THz] =       8.091269 [cm-1]
 ( -0.550699  0.000000 -0.648526  0.000000 -0.000008  0.000000 ) 
 (  0.099658  0.000000  0.117361  0.000000  0.000002  0.000000 ) 
 (  0.128618  0.000000  0.248731  0.000000  0.000003  0.000000 ) 
 (  0.211211  0.000000  0.248731  0.000000  0.000002  0.000000 ) 
 (  0.211211  0.000000  0.151466  0.000000  0.000003  0.000000 ) 
     freq (    7) =       0.694004 [THz] =      23.149494 [cm-1]
 ( -0.000000  0.000000 -0.000000  0.000000  0.000000  0.000000 ) 
 (  0.000000  0.000000  0.000000  0.000000 -0.000000  0.000000 ) 
 (  0.000000  0.000000 -0.484099  0.000000 -0.003605  0.000000 ) 
 ( -0.515398  0.000000  0.484099  0.000000 -0.000000  0.000000 ) 
 (  0.515398  0.000000  0.000000  0.000000  0.003605  0.000000 ) 
     freq (    8) =       0.694004 [THz] =      23.149494 [cm-1]
 ( -0.000000  0.000000  0.000000  0.000000  0.000000  0.000000 ) 
 ( -0.000000  0.000000 -0.000000  0.000000  0.000000  0.000000 ) 
 (  0.000000  0.000000 -0.515403  0.000000 -0.000479  0.000000 ) 
 (  0.484107  0.000000  0.515403  0.000000 -0.000000  0.000000 ) 
 ( -0.484107  0.000000 -0.000000  0.000000  0.000479  0.000000 ) 
     freq (    9) =       0.694004 [THz] =      23.149494 [cm-1]
 (  0.000000  0.000000 -0.000000  0.000000  0.000000  0.000000 ) 
 (  0.000000  0.000000  0.000000  0.000000 -0.000000  0.000000 ) 
 (  0.000000  0.000000 -0.002817  0.000000  0.707097  0.000000 ) 
 ( -0.002300  0.000000  0.002817  0.000000 -0.000000  0.000000 ) 
 (  0.002300  0.000000  0.000000  0.000000 -0.707097  0.000000 ) 
     freq (   10) =       1.159438 [THz] =      38.674686 [cm-1]
 (  0.131053  0.000000  0.033836  0.000000 -0.002625  0.000000 ) 
 ( -0.681628  0.000000 -0.175986  0.000000  0.013655  0.000000 ) 
 ( -0.310130  0.000000  0.109414  0.000000 -0.008489  0.000000 ) 
 (  0.423782  0.000000  0.109414  0.000000  0.006213  0.000000 ) 
 (  0.423782  0.000000 -0.080071  0.000000 -0.008489  0.000000 ) 
     freq (   11) =       1.159438 [THz] =      38.674686 [cm-1]
 ( -0.033639  0.000000  0.128122  0.000000 -0.027924  0.000000 ) 
 (  0.174960  0.000000 -0.666385  0.000000  0.145239  0.000000 ) 
 (  0.079604  0.000000  0.414305  0.000000 -0.090298  0.000000 ) 
 ( -0.108776  0.000000  0.414305  0.000000  0.066082  0.000000 ) 
 ( -0.108776  0.000000 -0.303195  0.000000 -0.090298  0.000000 ) 
     freq (   12) =       1.159438 [THz] =      38.674686 [cm-1]
 ( -0.004495  0.000000  0.027685  0.000000  0.132438  0.000000 ) 
 (  0.023378  0.000000 -0.143994  0.000000 -0.688835  0.000000 ) 
 (  0.010637  0.000000  0.089524  0.000000  0.428262  0.000000 ) 
 ( -0.014535  0.000000  0.089524  0.000000 -0.313409  0.000000 ) 
 ( -0.014535  0.000000 -0.065515  0.000000  0.428262  0.000000 ) 
     freq (   13) =       2.344159 [THz] =      78.192735 [cm-1]
 (  0.006852  0.000000  0.000093  0.000000 -0.000000  0.000000 ) 
 (  0.564965  0.000000  0.007674  0.000000  0.000000  0.000000 ) 
 ( -0.804362  0.000000  0.001760  0.000000 -0.000000  0.000000 ) 
 (  0.129586  0.000000  0.001760  0.000000  0.000000  0.000000 ) 
 (  0.129586  0.000000 -0.010926  0.000000  0.000000  0.000000 ) 
     freq (   14) =       2.344159 [THz] =      78.192735 [cm-1]
 (  0.000000  0.000000 -0.000000  0.000000  0.006853  0.000000 ) 
 (  0.000000  0.000000 -0.000000  0.000000  0.565017  0.000000 ) 
 ( -0.000000  0.000000 -0.000000  0.000000  0.129598  0.000000 ) 
 (  0.000000  0.000000 -0.000000  0.000000 -0.804436  0.000000 ) 
 (  0.000000  0.000000  0.000000  0.000000  0.129598  0.000000 ) 
     freq (   15) =       2.344159 [THz] =      78.192735 [cm-1]
 ( -0.000093  0.000000  0.006852  0.000000 -0.000000  0.000000 ) 
 ( -0.007674  0.000000  0.564965  0.000000  0.000000  0.000000 ) 
 (  0.010926  0.000000  0.129586  0.000000  0.000000  0.000000 ) 
 ( -0.001760  0.000000  0.129586  0.000000 -0.000000  0.000000 ) 
 ( -0.001760  0.000000 -0.804362  0.000000  0.000000  0.000000 ) 
 **************************************************************************
