Dynamical matrix file
default                                                                    
  3    5   0  11.6825149   0.0000000   0.0000000   0.0000000   0.0000000   0.0000000
Basis vectors
      0.991724572    0.000000000    0.000000000
      0.000000000    0.991724572    0.000000000
      0.000000000    0.000000000    0.991724572
            1  'Cs  '     121135.9090666961     
            2  'Sn  '     108197.5460994286     
            3  'I   '     115666.3486062552     
    1    1      0.4958622861      0.4958622861      0.4958622861
    2    2      0.0000000000      0.0000000000      0.0000000000
    3    3      0.4958622861      0.0000000000      0.0000000000
    4    3      0.0000000000      0.0000000000      0.4958622861
    5    3      0.0000000000      0.4958622861      0.0000000000

     Dynamical  Matrix in cartesian axes

     q = (    0.000000000   0.000000000   0.000000000 ) 

    1    1
  0.00071877   0.00000000     0.00000000   0.00000000     0.00000000   0.00000000
  0.00000000   0.00000000     0.00071877   0.00000000     0.00000000   0.00000000
  0.00000000   0.00000000     0.00000000   0.00000000     0.00071877   0.00000000
    1    2
 -0.00129077   0.00000000     0.00000000   0.00000000     0.00000000   0.00000000
  0.00000000   0.00000000    -0.00129077   0.00000000     0.00000000   0.00000000
  0.00000000   0.00000000     0.00000000   0.00000000    -0.00129077   0.00000000
    1    3
 -0.00118482   0.00000000     0.00000000   0.00000000     0.00000000   0.00000000
  0.00000000   0.00000000     0.00074366   0.00000000     0.00000000   0.00000000
  0.00000000   0.00000000     0.00000000   0.00000000     0.00074366   0.00000000
    1    4
  0.00074366   0.00000000     0.00000000   0.00000000     0.00000000   0.00000000
  0.00000000   0.00000000     0.00074366   0.00000000     0.00000000   0.00000000
  0.00000000   0.00000000     0.00000000   0.00000000    -0.00118482   0.00000000
    1    5
  0.00074366   0.00000000     0.00000000   0.00000000     0.00000000   0.00000000
  0.00000000   0.00000000    -0.00118482   0.00000000     0.00000000   0.00000000
  0.00000000   0.00000000     0.00000000   0.00000000     0.00074366   0.00000000
    2    1
 -0.00129077   0.00000000     0.00000000   0.00000000     0.00000000   0.00000000
  0.00000000   0.00000000    -0.00129077   0.00000000     0.00000000   0.00000000
  0.00000000   0.00000000     0.00000000   0.00000000    -0.00129077   0.00000000
    2    2
  0.02314953   0.00000000     0.00000000   0.00000000     0.00000000   0.00000000
  0.00000000   0.00000000     0.02314953   0.00000000     0.00000000   0.00000000
  0.00000000   0.00000000     0.00000000   0.00000000     0.02314953   0.00000000
    2    3
 -0.02239650   0.00000000     0.00000000   0.00000000     0.00000000   0.00000000
  0.00000000   0.00000000    -0.00018602   0.00000000     0.00000000   0.00000000
  0.00000000   0.00000000     0.00000000   0.00000000    -0.00018602   0.00000000
    2    4
 -0.00018602   0.00000000     0.00000000   0.00000000     0.00000000   0.00000000
  0.00000000   0.00000000    -0.00018602   0.00000000     0.00000000   0.00000000
  0.00000000   0.00000000     0.00000000   0.00000000    -0.02239650   0.00000000
    2    5
 -0.00018602   0.00000000     0.00000000   0.00000000     0.00000000   0.00000000
  0.00000000   0.00000000    -0.02239650   0.00000000     0.00000000   0.00000000
  0.00000000   0.00000000     0.00000000   0.00000000    -0.00018602   0.00000000
    3    1
 -0.00118482   0.00000000     0.00000000   0.00000000     0.00000000   0.00000000
  0.00000000   0.00000000     0.00074366   0.00000000     0.00000000   0.00000000
  0.00000000   0.00000000     0.00000000   0.00000000     0.00074366   0.00000000
    3    2
 -0.02239650   0.00000000     0.00000000   0.00000000     0.00000000   0.00000000
  0.00000000   0.00000000    -0.00018602   0.00000000     0.00000000   0.00000000
  0.00000000   0.00000000     0.00000000   0.00000000    -0.00018602   0.00000000
    3    3
  0.04029891   0.00000000     0.00000000   0.00000000     0.00000000   0.00000000
  0.00000000   0.00000000     0.00644287   0.00000000     0.00000000   0.00000000
  0.00000000   0.00000000     0.00000000   0.00000000     0.00644287   0.00000000
    3    4
 -0.00833952   0.00000000     0.00000000   0.00000000     0.00000000   0.00000000
  0.00000000   0.00000000     0.00129131   0.00000000     0.00000000   0.00000000
  0.00000000   0.00000000     0.00000000   0.00000000    -0.00833952   0.00000000
    3    5
 -0.00833952   0.00000000     0.00000000   0.00000000     0.00000000   0.00000000
  0.00000000   0.00000000    -0.00833952   0.00000000     0.00000000   0.00000000
  0.00000000   0.00000000     0.00000000   0.00000000     0.00129131   0.00000000
    4    1
  0.00074366   0.00000000     0.00000000   0.00000000     0.00000000   0.00000000
  0.00000000   0.00000000     0.00074366   0.00000000     0.00000000   0.00000000
  0.00000000   0.00000000     0.00000000   0.00000000    -0.00118482   0.00000000
    4    2
 -0.00018602   0.00000000     0.00000000   0.00000000     0.00000000   0.00000000
  0.00000000   0.00000000    -0.00018602   0.00000000     0.00000000   0.00000000
  0.00000000   0.00000000     0.00000000   0.00000000    -0.02239650   0.00000000
    4    3
 -0.00833952   0.00000000     0.00000000   0.00000000     0.00000000   0.00000000
  0.00000000   0.00000000     0.00129131   0.00000000     0.00000000   0.00000000
  0.00000000   0.00000000     0.00000000   0.00000000    -0.00833952   0.00000000
    4    4
  0.00644287   0.00000000     0.00000000   0.00000000     0.00000000   0.00000000
  0.00000000   0.00000000     0.00644287   0.00000000     0.00000000   0.00000000
  0.00000000   0.00000000     0.00000000   0.00000000     0.04029891   0.00000000
    4    5
  0.00129131   0.00000000     0.00000000   0.00000000     0.00000000   0.00000000
  0.00000000   0.00000000    -0.00833952   0.00000000     0.00000000   0.00000000
  0.00000000   0.00000000     0.00000000   0.00000000    -0.00833952   0.00000000
    5    1
  0.00074366   0.00000000     0.00000000   0.00000000     0.00000000   0.00000000
  0.00000000   0.00000000    -0.00118482   0.00000000     0.00000000   0.00000000
  0.00000000   0.00000000     0.00000000   0.00000000     0.00074366   0.00000000
    5    2
 -0.00018602   0.00000000     0.00000000   0.00000000     0.00000000   0.00000000
  0.00000000   0.00000000    -0.02239650   0.00000000     0.00000000   0.00000000
  0.00000000   0.00000000     0.00000000   0.00000000    -0.00018602   0.00000000
    5    3
 -0.00833952   0.00000000     0.00000000   0.00000000     0.00000000   0.00000000
  0.00000000   0.00000000    -0.00833952   0.00000000     0.00000000   0.00000000
  0.00000000   0.00000000     0.00000000   0.00000000     0.00129131   0.00000000
    5    4
  0.00129131   0.00000000     0.00000000   0.00000000     0.00000000   0.00000000
  0.00000000   0.00000000    -0.00833952   0.00000000     0.00000000   0.00000000
  0.00000000   0.00000000     0.00000000   0.00000000    -0.00833952   0.00000000
    5    5
  0.00644287   0.00000000     0.00000000   0.00000000     0.00000000   0.00000000
  0.00000000   0.00000000     0.04029891   0.00000000     0.00000000   0.00000000
  0.00000000   0.00000000     0.00000000   0.00000000     0.00644287   0.00000000

     Diagonalizing the dynamical matrix

     q = (    0.000000000   0.000000000   0.000000000 ) 

 **************************************************************************
     freq (    1) =      -0.154619 [THz] =      -5.157525 [cm-1]
 ( -0.359446  0.000000 -0.324276  0.000000  0.010012  0.000000 ) 
 ( -0.338476  0.000000 -0.305358  0.000000  0.009428  0.000000 ) 
 ( -0.327498  0.000000 -0.285319  0.000000  0.008809  0.000000 ) 
 ( -0.316263  0.000000 -0.285319  0.000000  0.009122  0.000000 ) 
 ( -0.316263  0.000000 -0.295455  0.000000  0.008809  0.000000 ) 
     freq (    2) =      -0.154619 [THz] =      -5.157525 [cm-1]
 (  0.324174  0.000000 -0.358395  0.000000  0.030353  0.000000 ) 
 (  0.305261  0.000000 -0.337486  0.000000  0.028582  0.000000 ) 
 (  0.295361  0.000000 -0.315338  0.000000  0.026707  0.000000 ) 
 (  0.285228  0.000000 -0.315338  0.000000  0.027655  0.000000 ) 
 (  0.285228  0.000000 -0.326541  0.000000  0.026707  0.000000 ) 
     freq (    3) =      -0.154619 [THz] =      -5.157525 [cm-1]
 ( -0.012917  0.000000  0.029235 -0.000000  0.483151 -0.000000 ) 
 ( -0.012164  0.000000  0.027529 -0.000000  0.454964 -0.000000 ) 
 ( -0.011769  0.000000  0.025723 -0.000000  0.425107 -0.000000 ) 
 ( -0.011366  0.000000  0.025723 -0.000000  0.440209 -0.000000 ) 
 ( -0.011366  0.000000  0.026637 -0.000000  0.425107 -0.000000 ) 
     freq (    4) =       0.242591 [THz] =       8.091968 [cm-1]
 (  0.000651 -0.000000 -0.035140  0.000000 -0.850034  0.000000 ) 
 ( -0.000118  0.000000  0.006361 -0.000000  0.153865 -0.000000 ) 
 ( -0.000152  0.000000  0.013479 -0.000000  0.326060 -0.000000 ) 
 ( -0.000250  0.000000  0.013479 -0.000000  0.198570 -0.000000 ) 
 ( -0.000250  0.000000  0.008209 -0.000000  0.326060 -0.000000 ) 
     freq (    5) =       0.242591 [THz] =       8.091968 [cm-1]
 (  0.779696  0.000000 -0.340077  0.000000  0.014656  0.000000 ) 
 ( -0.141133  0.000000  0.061558  0.000000 -0.002653  0.000000 ) 
 ( -0.182139  0.000000  0.130448  0.000000 -0.005622  0.000000 ) 
 ( -0.299079  0.000000  0.130448  0.000000 -0.003424  0.000000 ) 
 ( -0.299079  0.000000  0.079443  0.000000 -0.005622  0.000000 ) 
     freq (    6) =       0.242591 [THz] =       8.091968 [cm-1]
 (  0.340392  0.000000  0.779042  0.000000 -0.031945  0.000000 ) 
 ( -0.061615  0.000000 -0.141015  0.000000  0.005782  0.000000 ) 
 ( -0.079516  0.000000 -0.298828  0.000000  0.012253  0.000000 ) 
 ( -0.130569  0.000000 -0.298828  0.000000  0.007462  0.000000 ) 
 ( -0.130569  0.000000 -0.181986  0.000000  0.012253  0.000000 ) 
     freq (    7) =       0.694290 [THz] =      23.159010 [cm-1]
 (  0.000000  0.000000  0.000000  0.000000 -0.000000  0.000000 ) 
 ( -0.000000  0.000000 -0.000000  0.000000 -0.000000  0.000000 ) 
 ( -0.000000  0.000000 -0.001294  0.000000  0.707079  0.000000 ) 
 ( -0.006101  0.000000  0.001294  0.000000  0.000000  0.000000 ) 
 (  0.006101  0.000000  0.000000  0.000000 -0.707079  0.000000 ) 
     freq (    8) =       0.694290 [THz] =      23.159010 [cm-1]
 (  0.000000  0.000000  0.000000  0.000000 -0.000000  0.000000 ) 
 (  0.000000  0.000000  0.000000  0.000000 -0.000000  0.000000 ) 
 ( -0.000000  0.000000  0.707079  0.000000  0.001241  0.000000 ) 
 ( -0.006170  0.000000 -0.707079  0.000000 -0.000000  0.000000 ) 
 (  0.006170  0.000000  0.000000  0.000000 -0.001241  0.000000 ) 
     freq (    9) =       0.694290 [THz] =      23.159010 [cm-1]
 ( -0.000000  0.000000 -0.000000  0.000000  0.000000 -0.000000 ) 
 (  0.000000 -0.000000 -0.000000  0.000000  0.000000 -0.000000 ) 
 (  0.000000 -0.000000  0.006159 -0.000000  0.006112 -0.000000 ) 
 (  0.707054 -0.000000 -0.006159  0.000000  0.000000 -0.000000 ) 
 ( -0.707054  0.000000 -0.000000  0.000000 -0.006112  0.000000 ) 
     freq (   10) =       1.159435 [THz] =      38.674588 [cm-1]
 (  0.000248 -0.000000 -0.010857  0.000000 -0.134938  0.000000 ) 
 ( -0.001289  0.000000  0.056469 -0.000000  0.701843 -0.000000 ) 
 ( -0.000586  0.000000 -0.035108  0.000000 -0.436348  0.000000 ) 
 (  0.000801 -0.000000 -0.035108  0.000000  0.319332 -0.000000 ) 
 (  0.000801 -0.000000  0.025693 -0.000000 -0.436348  0.000000 ) 
     freq (   11) =       1.159435 [THz] =      38.674588 [cm-1]
 ( -0.007802  0.000000  0.134713 -0.000000 -0.010853  0.000000 ) 
 (  0.040582 -0.000000 -0.700671  0.000000  0.056449 -0.000000 ) 
 (  0.018465 -0.000000  0.435620 -0.000000 -0.035096  0.000000 ) 
 ( -0.025231  0.000000  0.435620 -0.000000  0.025684 -0.000000 ) 
 ( -0.025231  0.000000 -0.318799  0.000000 -0.035096  0.000000 ) 
     freq (   12) =       1.159435 [THz] =      38.674588 [cm-1]
 ( -0.135149  0.000000 -0.007797  0.000000  0.000379  0.000000 ) 
 (  0.702940  0.000000  0.040555  0.000000 -0.001972  0.000000 ) 
 (  0.319832  0.000000 -0.025214  0.000000  0.001226  0.000000 ) 
 ( -0.437031  0.000000 -0.025214  0.000000 -0.000897  0.000000 ) 
 ( -0.437031  0.000000  0.018452  0.000000  0.001226  0.000000 ) 
     freq (   13) =       2.344178 [THz] =      78.193354 [cm-1]
 ( -0.000000  0.000000 -0.000000  0.000000  0.006853  0.000000 ) 
 ( -0.000000  0.000000 -0.000000  0.000000  0.565021  0.000000 ) 
 (  0.000000  0.000000 -0.000000  0.000000  0.129598  0.000000 ) 
 ( -0.000000  0.000000 -0.000000  0.000000 -0.804433  0.000000 ) 
 ( -0.000000  0.000000  0.000000  0.000000  0.129598  0.000000 ) 
     freq (   14) =       2.344178 [THz] =      78.193354 [cm-1]
 ( -0.006852  0.000000  0.000091  0.000000  0.000000  0.000000 ) 
 ( -0.564972  0.000000  0.007470  0.000000 -0.000000  0.000000 ) 
 (  0.804363  0.000000  0.001713  0.000000 -0.000000  0.000000 ) 
 ( -0.129587  0.000000  0.001713  0.000000  0.000000  0.000000 ) 
 ( -0.129587  0.000000 -0.010636  0.000000 -0.000000  0.000000 ) 
     freq (   15) =       2.344178 [THz] =      78.193354 [cm-1]
 ( -0.000091  0.000000 -0.006852  0.000000 -0.000000  0.000000 ) 
 ( -0.007470  0.000000 -0.564972  0.000000 -0.000000  0.000000 ) 
 (  0.010636  0.000000 -0.129587  0.000000 -0.000000  0.000000 ) 
 ( -0.001713  0.000000 -0.129587  0.000000  0.000000  0.000000 ) 
 ( -0.001713  0.000000  0.804363  0.000000 -0.000000  0.000000 ) 
 **************************************************************************
