Dynamical matrix file
default                                                                    
  3    5   0  11.6825149   0.0000000   0.0000000   0.0000000   0.0000000   0.0000000
Basis vectors
      0.991725043    0.000000000    0.000000000
      0.000000000    0.991725043    0.000000000
      0.000000000    0.000000000    0.991725043
            1  'Cs  '     121135.9090666961     
            2  'Sn  '     108197.5460994286     
            3  'I   '     115666.3486062552     
    1    1      0.4958625215      0.4958625215      0.4958625215
    2    2      0.0000000000      0.0000000000      0.0000000000
    3    3      0.4958625215      0.0000000000      0.0000000000
    4    3      0.0000000000      0.0000000000      0.4958625215
    5    3      0.0000000000      0.4958625215      0.0000000000

     Dynamical  Matrix in cartesian axes

     q = (    0.000000000   0.000000000   0.000000000 ) 

    1    1
  0.00071873   0.00000000     0.00000000   0.00000000     0.00000000   0.00000000
  0.00000000   0.00000000     0.00071873   0.00000000     0.00000000   0.00000000
  0.00000000   0.00000000     0.00000000   0.00000000     0.00071873   0.00000000
    1    2
 -0.00129076   0.00000000     0.00000000   0.00000000     0.00000000   0.00000000
  0.00000000   0.00000000    -0.00129076   0.00000000     0.00000000   0.00000000
  0.00000000   0.00000000     0.00000000   0.00000000    -0.00129076   0.00000000
    1    3
 -0.00118483   0.00000000     0.00000000   0.00000000     0.00000000   0.00000000
  0.00000000   0.00000000     0.00074369   0.00000000     0.00000000   0.00000000
  0.00000000   0.00000000     0.00000000   0.00000000     0.00074369   0.00000000
    1    4
  0.00074369   0.00000000     0.00000000   0.00000000     0.00000000   0.00000000
  0.00000000   0.00000000     0.00074369   0.00000000     0.00000000   0.00000000
  0.00000000   0.00000000     0.00000000   0.00000000    -0.00118483   0.00000000
    1    5
  0.00074369   0.00000000     0.00000000   0.00000000     0.00000000   0.00000000
  0.00000000   0.00000000    -0.00118483   0.00000000     0.00000000   0.00000000
  0.00000000   0.00000000     0.00000000   0.00000000     0.00074369   0.00000000
    2    1
 -0.00129076   0.00000000     0.00000000   0.00000000     0.00000000   0.00000000
  0.00000000   0.00000000    -0.00129076   0.00000000     0.00000000   0.00000000
  0.00000000   0.00000000     0.00000000   0.00000000    -0.00129076   0.00000000
    2    2
  0.02314848   0.00000000     0.00000000   0.00000000     0.00000000   0.00000000
  0.00000000   0.00000000     0.02314848   0.00000000     0.00000000   0.00000000
  0.00000000   0.00000000     0.00000000   0.00000000     0.02314848   0.00000000
    2    3
 -0.02239595   0.00000000     0.00000000   0.00000000     0.00000000   0.00000000
  0.00000000   0.00000000    -0.00018599   0.00000000     0.00000000   0.00000000
  0.00000000   0.00000000     0.00000000   0.00000000    -0.00018599   0.00000000
    2    4
 -0.00018599   0.00000000     0.00000000   0.00000000     0.00000000   0.00000000
  0.00000000   0.00000000    -0.00018599   0.00000000     0.00000000   0.00000000
  0.00000000   0.00000000     0.00000000   0.00000000    -0.02239595   0.00000000
    2    5
 -0.00018599   0.00000000     0.00000000   0.00000000     0.00000000   0.00000000
  0.00000000   0.00000000    -0.02239595   0.00000000     0.00000000   0.00000000
  0.00000000   0.00000000     0.00000000   0.00000000    -0.00018599   0.00000000
    3    1
 -0.00118483   0.00000000     0.00000000   0.00000000     0.00000000   0.00000000
  0.00000000   0.00000000     0.00074369   0.00000000     0.00000000   0.00000000
  0.00000000   0.00000000     0.00000000   0.00000000     0.00074369   0.00000000
    3    2
 -0.02239595   0.00000000     0.00000000   0.00000000     0.00000000   0.00000000
  0.00000000   0.00000000    -0.00018599   0.00000000     0.00000000   0.00000000
  0.00000000   0.00000000     0.00000000   0.00000000    -0.00018599   0.00000000
    3    3
  0.04029831   0.00000000     0.00000000   0.00000000     0.00000000   0.00000000
  0.00000000   0.00000000     0.00644061   0.00000000     0.00000000   0.00000000
  0.00000000   0.00000000     0.00000000   0.00000000     0.00644061   0.00000000
    3    4
 -0.00833949   0.00000000     0.00000000   0.00000000     0.00000000   0.00000000
  0.00000000   0.00000000     0.00129339   0.00000000     0.00000000   0.00000000
  0.00000000   0.00000000     0.00000000   0.00000000    -0.00833949   0.00000000
    3    5
 -0.00833949   0.00000000     0.00000000   0.00000000     0.00000000   0.00000000
  0.00000000   0.00000000    -0.00833949   0.00000000     0.00000000   0.00000000
  0.00000000   0.00000000     0.00000000   0.00000000     0.00129339   0.00000000
    4    1
  0.00074369   0.00000000     0.00000000   0.00000000     0.00000000   0.00000000
  0.00000000   0.00000000     0.00074369   0.00000000     0.00000000   0.00000000
  0.00000000   0.00000000     0.00000000   0.00000000    -0.00118483   0.00000000
    4    2
 -0.00018599   0.00000000     0.00000000   0.00000000     0.00000000   0.00000000
  0.00000000   0.00000000    -0.00018599   0.00000000     0.00000000   0.00000000
  0.00000000   0.00000000     0.00000000   0.00000000    -0.02239595   0.00000000
    4    3
 -0.00833949   0.00000000     0.00000000   0.00000000     0.00000000   0.00000000
  0.00000000   0.00000000     0.00129339   0.00000000     0.00000000   0.00000000
  0.00000000   0.00000000     0.00000000   0.00000000    -0.00833949   0.00000000
    4    4
  0.00644061   0.00000000     0.00000000   0.00000000     0.00000000   0.00000000
  0.00000000   0.00000000     0.00644061   0.00000000     0.00000000   0.00000000
  0.00000000   0.00000000     0.00000000   0.00000000     0.04029831   0.00000000
    4    5
  0.00129339   0.00000000     0.00000000   0.00000000     0.00000000   0.00000000
  0.00000000   0.00000000    -0.00833949   0.00000000     0.00000000   0.00000000
  0.00000000   0.00000000     0.00000000   0.00000000    -0.00833949   0.00000000
    5    1
  0.00074369   0.00000000     0.00000000   0.00000000     0.00000000   0.00000000
  0.00000000   0.00000000    -0.00118483   0.00000000     0.00000000   0.00000000
  0.00000000   0.00000000     0.00000000   0.00000000     0.00074369   0.00000000
    5    2
 -0.00018599   0.00000000     0.00000000   0.00000000     0.00000000   0.00000000
  0.00000000   0.00000000    -0.02239595   0.00000000     0.00000000   0.00000000
  0.00000000   0.00000000     0.00000000   0.00000000    -0.00018599   0.00000000
    5    3
 -0.00833949   0.00000000     0.00000000   0.00000000     0.00000000   0.00000000
  0.00000000   0.00000000    -0.00833949   0.00000000     0.00000000   0.00000000
  0.00000000   0.00000000     0.00000000   0.00000000     0.00129339   0.00000000
    5    4
  0.00129339   0.00000000     0.00000000   0.00000000     0.00000000   0.00000000
  0.00000000   0.00000000    -0.00833949   0.00000000     0.00000000   0.00000000
  0.00000000   0.00000000     0.00000000   0.00000000    -0.00833949   0.00000000
    5    5
  0.00644061   0.00000000     0.00000000   0.00000000     0.00000000   0.00000000
  0.00000000   0.00000000     0.04029831   0.00000000     0.00000000   0.00000000
  0.00000000   0.00000000     0.00000000   0.00000000     0.00644061   0.00000000

     Diagonalizing the dynamical matrix

     q = (    0.000000000   0.000000000   0.000000000 ) 

 **************************************************************************
     freq (    1) =      -0.154653 [THz] =      -5.158658 [cm-1]
 (  0.013305  0.000000  0.026597  0.000000 -0.483234  0.000000 ) 
 (  0.012531  0.000000  0.025049  0.000000 -0.455114  0.000000 ) 
 (  0.012125  0.000000  0.023406  0.000000 -0.425249  0.000000 ) 
 (  0.011709  0.000000  0.023406  0.000000 -0.440351  0.000000 ) 
 (  0.011709  0.000000  0.024237  0.000000 -0.425249  0.000000 ) 
     freq (    2) =      -0.154653 [THz] =      -5.158658 [cm-1]
 ( -0.468163  0.000000  0.123231  0.000000 -0.006108  0.000000 ) 
 ( -0.440919  0.000000  0.116060  0.000000 -0.005752  0.000000 ) 
 ( -0.426617  0.000000  0.108445  0.000000 -0.005375  0.000000 ) 
 ( -0.411986  0.000000  0.108445  0.000000 -0.005566  0.000000 ) 
 ( -0.411986  0.000000  0.112296  0.000000 -0.005375  0.000000 ) 
     freq (    3) =      -0.154653 [THz] =      -5.158658 [cm-1]
 ( -0.122663  0.000000 -0.467447  0.000000 -0.029106  0.000000 ) 
 ( -0.115525  0.000000 -0.440245  0.000000 -0.027412  0.000000 ) 
 ( -0.111778  0.000000 -0.411356  0.000000 -0.025613  0.000000 ) 
 ( -0.107944  0.000000 -0.411356  0.000000 -0.026523  0.000000 ) 
 ( -0.107944  0.000000 -0.425965  0.000000 -0.025613  0.000000 ) 
     freq (    4) =       0.242573 [THz] =       8.091352 [cm-1]
 ( -0.155331  0.000000  0.001223  0.000000  0.836495  0.000000 ) 
 (  0.028109  0.000000 -0.000221  0.000000 -0.151376  0.000000 ) 
 (  0.036278  0.000000 -0.000469  0.000000 -0.320826  0.000000 ) 
 (  0.059575  0.000000 -0.000469  0.000000 -0.195368  0.000000 ) 
 (  0.059575  0.000000 -0.000286  0.000000 -0.320826  0.000000 ) 
     freq (    5) =       0.242573 [THz] =       8.091352 [cm-1]
 (  0.836469 -0.000000 -0.006593  0.000000  0.155335 -0.000000 ) 
 ( -0.151372  0.000000  0.001193 -0.000000 -0.028110  0.000000 ) 
 ( -0.195362  0.000000  0.002529 -0.000000 -0.059577  0.000000 ) 
 ( -0.320816  0.000000  0.002529 -0.000000 -0.036280  0.000000 ) 
 ( -0.320816  0.000000  0.001540 -0.000000 -0.059577  0.000000 ) 
     freq (    6) =       0.242573 [THz] =       8.091352 [cm-1]
 (  0.006706  0.000000  0.850769  0.000000  0.000001  0.000000 ) 
 ( -0.001213  0.000000 -0.153959  0.000000 -0.000000  0.000000 ) 
 ( -0.001566  0.000000 -0.326301  0.000000 -0.000000  0.000000 ) 
 ( -0.002572  0.000000 -0.326301  0.000000 -0.000000  0.000000 ) 
 ( -0.002572  0.000000 -0.198702  0.000000 -0.000000  0.000000 ) 
     freq (    7) =       0.693998 [THz] =      23.149277 [cm-1]
 (  0.000000  0.000000  0.000000  0.000000  0.000000  0.000000 ) 
 ( -0.000000  0.000000  0.000000  0.000000  0.000000  0.000000 ) 
 ( -0.000000  0.000000  0.006043  0.000000  0.706785  0.000000 ) 
 (  0.020449  0.000000 -0.006043  0.000000  0.000000  0.000000 ) 
 ( -0.020449  0.000000  0.000000  0.000000 -0.706785  0.000000 ) 
     freq (    8) =       0.693998 [THz] =      23.149277 [cm-1]
 (  0.000000  0.000000 -0.000000  0.000000 -0.000000  0.000000 ) 
 (  0.000000  0.000000  0.000000  0.000000  0.000000  0.000000 ) 
 (  0.000000  0.000000  0.665370  0.000000  0.001236  0.000000 ) 
 ( -0.239335  0.000000 -0.665370  0.000000  0.000000  0.000000 ) 
 (  0.239335  0.000000  0.000000  0.000000 -0.001236  0.000000 ) 
     freq (    9) =       0.693998 [THz] =      23.149277 [cm-1]
 (  0.000000 -0.000000  0.000000 -0.000000 -0.000000  0.000000 ) 
 ( -0.000000  0.000000  0.000000 -0.000000  0.000000 -0.000000 ) 
 ( -0.000000  0.000000  0.239261 -0.000000 -0.021287  0.000000 ) 
 (  0.665057 -0.000000 -0.239261  0.000000 -0.000000  0.000000 ) 
 ( -0.665057  0.000000  0.000000 -0.000000  0.021287 -0.000000 ) 
     freq (   10) =       1.159416 [THz] =      38.673946 [cm-1]
 (  0.008620 -0.000000  0.004652 -0.000000  0.135024 -0.000000 ) 
 ( -0.044831  0.000000 -0.024198  0.000000 -0.702269  0.000000 ) 
 ( -0.020397  0.000000  0.015044 -0.000000  0.436613 -0.000000 ) 
 (  0.027872 -0.000000  0.015044 -0.000000 -0.319514  0.000000 ) 
 (  0.027872 -0.000000 -0.011009  0.000000  0.436613 -0.000000 ) 
     freq (   11) =       1.159416 [THz] =      38.673946 [cm-1]
 (  0.116664  0.000000  0.067979  0.000000 -0.009790  0.000000 ) 
 ( -0.606778  0.000000 -0.353561  0.000000  0.050917  0.000000 ) 
 ( -0.276068  0.000000  0.219815  0.000000 -0.031656  0.000000 ) 
 (  0.377245  0.000000  0.219815  0.000000  0.023166  0.000000 ) 
 (  0.377245  0.000000 -0.160861  0.000000 -0.031656  0.000000 ) 
     freq (   12) =       1.159416 [THz] =      38.673946 [cm-1]
 (  0.068137  0.000000 -0.116982  0.000000 -0.000319  0.000000 ) 
 ( -0.354384  0.000000  0.608430  0.000000  0.001659  0.000000 ) 
 ( -0.161235  0.000000 -0.378272  0.000000 -0.001031  0.000000 ) 
 (  0.220327  0.000000 -0.378272  0.000000  0.000755  0.000000 ) 
 (  0.220327  0.000000  0.276820  0.000000 -0.001031  0.000000 ) 
     freq (   13) =       2.344153 [THz] =      78.192524 [cm-1]
 (  0.000000  0.000000 -0.000000  0.000000  0.006854  0.000000 ) 
 (  0.000000  0.000000 -0.000000  0.000000  0.565013  0.000000 ) 
 ( -0.000000  0.000000 -0.000000  0.000000  0.129601  0.000000 ) 
 (  0.000000  0.000000 -0.000000  0.000000 -0.804438  0.000000 ) 
 (  0.000000  0.000000  0.000000  0.000000  0.129601  0.000000 ) 
     freq (   14) =       2.344153 [THz] =      78.192524 [cm-1]
 ( -0.006802  0.000000 -0.000842  0.000000  0.000000  0.000000 ) 
 ( -0.560731  0.000000 -0.069433  0.000000 -0.000000  0.000000 ) 
 (  0.798341  0.000000 -0.015926  0.000000  0.000000  0.000000 ) 
 ( -0.128619  0.000000 -0.015926  0.000000 -0.000000  0.000000 ) 
 ( -0.128619  0.000000  0.098855  0.000000 -0.000000  0.000000 ) 
     freq (   15) =       2.344153 [THz] =      78.192524 [cm-1]
 (  0.000842  0.000000 -0.006802  0.000000  0.000000  0.000000 ) 
 (  0.069433  0.000000 -0.560731  0.000000 -0.000000  0.000000 ) 
 ( -0.098855  0.000000 -0.128619  0.000000  0.000000  0.000000 ) 
 (  0.015926  0.000000 -0.128619  0.000000  0.000000  0.000000 ) 
 (  0.015926  0.000000  0.798341  0.000000 -0.000000  0.000000 ) 
 **************************************************************************
