Dynamical matrix file
default                                                                    
  3    5   0  11.6825149   0.0000000   0.0000000   0.0000000   0.0000000   0.0000000
Basis vectors
      0.991724572    0.000000000    0.000000000
      0.000000000    0.991724572    0.000000000
      0.000000000    0.000000000    0.991724572
            1  'Cs  '     121135.9090666961     
            2  'Sn  '     108197.5460994286     
            3  'I   '     115666.3486062552     
    1    1      0.4958622861      0.4958622861      0.4958622861
    2    2      0.0000000000      0.0000000000      0.0000000000
    3    3      0.4958622861      0.0000000000      0.0000000000
    4    3      0.0000000000      0.0000000000      0.4958622861
    5    3      0.0000000000      0.4958622861      0.0000000000

     Dynamical  Matrix in cartesian axes

     q = (    0.000000000   0.000000000   0.000000000 ) 

    1    1
  0.00071877   0.00000000     0.00000000   0.00000000     0.00000000   0.00000000
  0.00000000   0.00000000     0.00071877   0.00000000     0.00000000   0.00000000
  0.00000000   0.00000000     0.00000000   0.00000000     0.00071877   0.00000000
    1    2
 -0.00129077   0.00000000     0.00000000   0.00000000     0.00000000   0.00000000
  0.00000000   0.00000000    -0.00129077   0.00000000     0.00000000   0.00000000
  0.00000000   0.00000000     0.00000000   0.00000000    -0.00129077   0.00000000
    1    3
 -0.00118482   0.00000000     0.00000000   0.00000000     0.00000000   0.00000000
  0.00000000   0.00000000     0.00074366   0.00000000     0.00000000   0.00000000
  0.00000000   0.00000000     0.00000000   0.00000000     0.00074366   0.00000000
    1    4
  0.00074366   0.00000000     0.00000000   0.00000000     0.00000000   0.00000000
  0.00000000   0.00000000     0.00074366   0.00000000     0.00000000   0.00000000
  0.00000000   0.00000000     0.00000000   0.00000000    -0.00118482   0.00000000
    1    5
  0.00074366   0.00000000     0.00000000   0.00000000     0.00000000   0.00000000
  0.00000000   0.00000000    -0.00118482   0.00000000     0.00000000   0.00000000
  0.00000000   0.00000000     0.00000000   0.00000000     0.00074366   0.00000000
    2    1
 -0.00129077   0.00000000     0.00000000   0.00000000     0.00000000   0.00000000
  0.00000000   0.00000000    -0.00129077   0.00000000     0.00000000   0.00000000
  0.00000000   0.00000000     0.00000000   0.00000000    -0.00129077   0.00000000
    2    2
  0.02314953   0.00000000     0.00000000   0.00000000     0.00000000   0.00000000
  0.00000000   0.00000000     0.02314953   0.00000000     0.00000000   0.00000000
  0.00000000   0.00000000     0.00000000   0.00000000     0.02314953   0.00000000
    2    3
 -0.02239650   0.00000000     0.00000000   0.00000000     0.00000000   0.00000000
  0.00000000   0.00000000    -0.00018602   0.00000000     0.00000000   0.00000000
  0.00000000   0.00000000     0.00000000   0.00000000    -0.00018602   0.00000000
    2    4
 -0.00018602   0.00000000     0.00000000   0.00000000     0.00000000   0.00000000
  0.00000000   0.00000000    -0.00018602   0.00000000     0.00000000   0.00000000
  0.00000000   0.00000000     0.00000000   0.00000000    -0.02239650   0.00000000
    2    5
 -0.00018602   0.00000000     0.00000000   0.00000000     0.00000000   0.00000000
  0.00000000   0.00000000    -0.02239650   0.00000000     0.00000000   0.00000000
  0.00000000   0.00000000     0.00000000   0.00000000    -0.00018602   0.00000000
    3    1
 -0.00118482   0.00000000     0.00000000   0.00000000     0.00000000   0.00000000
  0.00000000   0.00000000     0.00074366   0.00000000     0.00000000   0.00000000
  0.00000000   0.00000000     0.00000000   0.00000000     0.00074366   0.00000000
    3    2
 -0.02239650   0.00000000     0.00000000   0.00000000     0.00000000   0.00000000
  0.00000000   0.00000000    -0.00018602   0.00000000     0.00000000   0.00000000
  0.00000000   0.00000000     0.00000000   0.00000000    -0.00018602   0.00000000
    3    3
  0.04029891   0.00000000     0.00000000   0.00000000     0.00000000   0.00000000
  0.00000000   0.00000000     0.00644287   0.00000000     0.00000000   0.00000000
  0.00000000   0.00000000     0.00000000   0.00000000     0.00644287   0.00000000
    3    4
 -0.00833952   0.00000000     0.00000000   0.00000000     0.00000000   0.00000000
  0.00000000   0.00000000     0.00129131   0.00000000     0.00000000   0.00000000
  0.00000000   0.00000000     0.00000000   0.00000000    -0.00833952   0.00000000
    3    5
 -0.00833952   0.00000000     0.00000000   0.00000000     0.00000000   0.00000000
  0.00000000   0.00000000    -0.00833952   0.00000000     0.00000000   0.00000000
  0.00000000   0.00000000     0.00000000   0.00000000     0.00129131   0.00000000
    4    1
  0.00074366   0.00000000     0.00000000   0.00000000     0.00000000   0.00000000
  0.00000000   0.00000000     0.00074366   0.00000000     0.00000000   0.00000000
  0.00000000   0.00000000     0.00000000   0.00000000    -0.00118482   0.00000000
    4    2
 -0.00018602   0.00000000     0.00000000   0.00000000     0.00000000   0.00000000
  0.00000000   0.00000000    -0.00018602   0.00000000     0.00000000   0.00000000
  0.00000000   0.00000000     0.00000000   0.00000000    -0.02239650   0.00000000
    4    3
 -0.00833952   0.00000000     0.00000000   0.00000000     0.00000000   0.00000000
  0.00000000   0.00000000     0.00129131   0.00000000     0.00000000   0.00000000
  0.00000000   0.00000000     0.00000000   0.00000000    -0.00833952   0.00000000
    4    4
  0.00644287   0.00000000     0.00000000   0.00000000     0.00000000   0.00000000
  0.00000000   0.00000000     0.00644287   0.00000000     0.00000000   0.00000000
  0.00000000   0.00000000     0.00000000   0.00000000     0.04029891   0.00000000
    4    5
  0.00129131   0.00000000     0.00000000   0.00000000     0.00000000   0.00000000
  0.00000000   0.00000000    -0.00833952   0.00000000     0.00000000   0.00000000
  0.00000000   0.00000000     0.00000000   0.00000000    -0.00833952   0.00000000
    5    1
  0.00074366   0.00000000     0.00000000   0.00000000     0.00000000   0.00000000
  0.00000000   0.00000000    -0.00118482   0.00000000     0.00000000   0.00000000
  0.00000000   0.00000000     0.00000000   0.00000000     0.00074366   0.00000000
    5    2
 -0.00018602   0.00000000     0.00000000   0.00000000     0.00000000   0.00000000
  0.00000000   0.00000000    -0.02239650   0.00000000     0.00000000   0.00000000
  0.00000000   0.00000000     0.00000000   0.00000000    -0.00018602   0.00000000
    5    3
 -0.00833952   0.00000000     0.00000000   0.00000000     0.00000000   0.00000000
  0.00000000   0.00000000    -0.00833952   0.00000000     0.00000000   0.00000000
  0.00000000   0.00000000     0.00000000   0.00000000     0.00129131   0.00000000
    5    4
  0.00129131   0.00000000     0.00000000   0.00000000     0.00000000   0.00000000
  0.00000000   0.00000000    -0.00833952   0.00000000     0.00000000   0.00000000
  0.00000000   0.00000000     0.00000000   0.00000000    -0.00833952   0.00000000
    5    5
  0.00644287   0.00000000     0.00000000   0.00000000     0.00000000   0.00000000
  0.00000000   0.00000000     0.04029891   0.00000000     0.00000000   0.00000000
  0.00000000   0.00000000     0.00000000   0.00000000     0.00644287   0.00000000

     Diagonalizing the dynamical matrix

     q = (    0.000000000   0.000000000   0.000000000 ) 

 **************************************************************************
     freq (    1) =      -0.154619 [THz] =      -5.157525 [cm-1]
 (  0.302230  0.000000 -0.378303  0.000000  0.000822  0.000000 ) 
 (  0.284598  0.000000 -0.356232  0.000000  0.000774  0.000000 ) 
 (  0.275368  0.000000 -0.332855  0.000000  0.000723  0.000000 ) 
 (  0.265921  0.000000 -0.332855  0.000000  0.000749  0.000000 ) 
 (  0.265921  0.000000 -0.344679  0.000000  0.000723  0.000000 ) 
     freq (    2) =      -0.154619 [THz] =      -5.157525 [cm-1]
 ( -0.378274  0.000000 -0.302192  0.000000  0.006755 -0.000000 ) 
 ( -0.356205  0.000000 -0.284562  0.000000  0.006361 -0.000000 ) 
 ( -0.344653  0.000000 -0.265888  0.000000  0.005943 -0.000000 ) 
 ( -0.332829  0.000000 -0.265888  0.000000  0.006154 -0.000000 ) 
 ( -0.332829  0.000000 -0.275333  0.000000  0.005943  0.000000 ) 
     freq (    3) =      -0.154619 [THz] =      -5.157525 [cm-1]
 (  0.004764  0.000000  0.004858  0.000000  0.484160  0.000000 ) 
 (  0.004486  0.000000  0.004575  0.000000  0.455913  0.000000 ) 
 (  0.004341  0.000000  0.004274  0.000000  0.425994  0.000000 ) 
 (  0.004192  0.000000  0.004274  0.000000  0.441128  0.000000 ) 
 (  0.004192  0.000000  0.004426  0.000000  0.425994 -0.000000 ) 
     freq (    4) =       0.242591 [THz] =       8.091968 [cm-1]
 (  0.050786 -0.000000 -0.087553  0.000000  0.844718 -0.000000 ) 
 ( -0.009193  0.000000  0.015848 -0.000000 -0.152903  0.000000 ) 
 ( -0.011864  0.000000  0.033584 -0.000000 -0.324021  0.000000 ) 
 ( -0.019481  0.000000  0.033584 -0.000000 -0.197328  0.000000 ) 
 ( -0.019481  0.000000  0.020453 -0.000000 -0.324021  0.000000 ) 
     freq (    5) =       0.242591 [THz] =       8.091968 [cm-1]
 (  0.258416  0.000000 -0.804506  0.000000 -0.098921  0.000000 ) 
 ( -0.046776  0.000000  0.145624  0.000000  0.017906  0.000000 ) 
 ( -0.060367  0.000000  0.308596  0.000000  0.037945  0.000000 ) 
 ( -0.099124  0.000000  0.308596  0.000000  0.023108  0.000000 ) 
 ( -0.099124  0.000000  0.187934  0.000000  0.037945  0.000000 ) 
     freq (    6) =       0.242591 [THz] =       8.091968 [cm-1]
 (  0.808972  0.000000  0.262486  0.000000 -0.021431  0.000000 ) 
 ( -0.146432  0.000000 -0.047513  0.000000  0.003879  0.000000 ) 
 ( -0.188978  0.000000 -0.100685  0.000000  0.008221  0.000000 ) 
 ( -0.310309  0.000000 -0.100685  0.000000  0.005006  0.000000 ) 
 ( -0.310309  0.000000 -0.061317  0.000000  0.008221  0.000000 ) 
     freq (    7) =       0.694290 [THz] =      23.159010 [cm-1]
 (  0.000000  0.000000 -0.000000  0.000000  0.000000  0.000000 ) 
 ( -0.000000  0.000000  0.000000  0.000000 -0.000000  0.000000 ) 
 ( -0.000000  0.000000 -0.002407  0.000000  0.707076  0.000000 ) 
 ( -0.006110  0.000000  0.002407  0.000000 -0.000000  0.000000 ) 
 (  0.006110  0.000000 -0.000000  0.000000 -0.707076  0.000000 ) 
     freq (    8) =       0.694290 [THz] =      23.159010 [cm-1]
 ( -0.000000  0.000000 -0.000000  0.000000  0.000000  0.000000 ) 
 (  0.000000  0.000000  0.000000  0.000000 -0.000000  0.000000 ) 
 (  0.000000  0.000000 -0.691900  0.000000 -0.001095  0.000000 ) 
 (  0.145854  0.000000  0.691900  0.000000 -0.000000  0.000000 ) 
 ( -0.145854  0.000000  0.000000  0.000000  0.001095  0.000000 ) 
     freq (    9) =       0.694290 [THz] =      23.159010 [cm-1]
 ( -0.000000  0.000000  0.000000 -0.000000 -0.000000  0.000000 ) 
 (  0.000000 -0.000000  0.000000 -0.000000  0.000000 -0.000000 ) 
 (  0.000000 -0.000000  0.145838 -0.000000  0.006475 -0.000000 ) 
 (  0.691874 -0.000000 -0.145838  0.000000  0.000000 -0.000000 ) 
 ( -0.691874  0.000000  0.000000 -0.000000 -0.006475  0.000000 ) 
     freq (   10) =       1.159435 [THz] =      38.674588 [cm-1]
 ( -0.017556  0.000000 -0.132608  0.000000  0.020813 -0.000000 ) 
 (  0.091311 -0.000000  0.689723 -0.000000 -0.108252  0.000000 ) 
 (  0.041546 -0.000000 -0.428813  0.000000  0.067302 -0.000000 ) 
 ( -0.056770  0.000000 -0.428813  0.000000 -0.049254  0.000000 ) 
 ( -0.056770  0.000000  0.313818 -0.000000  0.067302  0.000000 ) 
     freq (   11) =       1.159435 [THz] =      38.674588 [cm-1]
 (  0.009905  0.000000  0.019653  0.000000  0.133573  0.000000 ) 
 ( -0.051518  0.000000 -0.102220  0.000000 -0.694745  0.000000 ) 
 ( -0.023440  0.000000  0.063552  0.000000  0.431936  0.000000 ) 
 (  0.032030  0.000000  0.063552  0.000000 -0.316103  0.000000 ) 
 (  0.032030  0.000000 -0.046509  0.000000  0.431936  0.000000 ) 
     freq (   12) =       1.159435 [THz] =      38.674588 [cm-1]
 (  0.133865  0.000000 -0.018845  0.000000 -0.007154  0.000000 ) 
 ( -0.696263  0.000000  0.098017  0.000000  0.037209  0.000000 ) 
 ( -0.316794  0.000000 -0.060939  0.000000 -0.023134  0.000000 ) 
 (  0.432879  0.000000 -0.060939  0.000000  0.016930  0.000000 ) 
 (  0.432879  0.000000  0.044597  0.000000 -0.023134  0.000000 ) 
     freq (   13) =       2.344178 [THz] =      78.193354 [cm-1]
 (  0.000000  0.000000  0.000000  0.000000  0.006853  0.000000 ) 
 (  0.000000  0.000000  0.000000  0.000000  0.565021  0.000000 ) 
 ( -0.000000  0.000000  0.000000  0.000000  0.129598  0.000000 ) 
 (  0.000000  0.000000  0.000000  0.000000 -0.804433  0.000000 ) 
 (  0.000000  0.000000 -0.000000  0.000000  0.129598  0.000000 ) 
     freq (   14) =       2.344178 [THz] =      78.193354 [cm-1]
 (  0.000172  0.000000  0.006851  0.000000 -0.000000  0.000000 ) 
 (  0.014168  0.000000  0.564844  0.000000 -0.000000  0.000000 ) 
 ( -0.020171  0.000000  0.129557  0.000000 -0.000000  0.000000 ) 
 (  0.003250  0.000000  0.129557  0.000000  0.000000  0.000000 ) 
 (  0.003250  0.000000 -0.804180  0.000000 -0.000000  0.000000 ) 
     freq (   15) =       2.344178 [THz] =      78.193354 [cm-1]
 ( -0.006851  0.000000  0.000172  0.000000 -0.000000  0.000000 ) 
 ( -0.564844  0.000000  0.014168  0.000000 -0.000000  0.000000 ) 
 (  0.804180  0.000000  0.003250  0.000000  0.000000  0.000000 ) 
 ( -0.129557  0.000000  0.003250  0.000000  0.000000  0.000000 ) 
 ( -0.129557  0.000000 -0.020171  0.000000  0.000000  0.000000 ) 
 **************************************************************************
