Dynamical matrix file
default                                                                    
  3    5   0  11.6825149   0.0000000   0.0000000   0.0000000   0.0000000   0.0000000
Basis vectors
      0.991725043    0.000000000    0.000000000
      0.000000000    0.991725043    0.000000000
      0.000000000    0.000000000    0.991725043
            1  'Cs  '     121135.9090666961     
            2  'Sn  '     108197.5460994286     
            3  'I   '     115666.3486062552     
    1    1      0.4958625215      0.4958625215      0.4958625215
    2    2      0.0000000000      0.0000000000      0.0000000000
    3    3      0.4958625215      0.0000000000      0.0000000000
    4    3      0.0000000000      0.0000000000      0.4958625215
    5    3      0.0000000000      0.4958625215      0.0000000000

     Dynamical  Matrix in cartesian axes

     q = (    0.000000000   0.000000000   0.000000000 ) 

    1    1
  0.00071873   0.00000000     0.00000000   0.00000000     0.00000000   0.00000000
  0.00000000   0.00000000     0.00071873   0.00000000     0.00000000   0.00000000
  0.00000000   0.00000000     0.00000000   0.00000000     0.00071873   0.00000000
    1    2
 -0.00129076   0.00000000     0.00000000   0.00000000     0.00000000   0.00000000
  0.00000000   0.00000000    -0.00129076   0.00000000     0.00000000   0.00000000
  0.00000000   0.00000000     0.00000000   0.00000000    -0.00129076   0.00000000
    1    3
 -0.00118483   0.00000000     0.00000000   0.00000000     0.00000000   0.00000000
  0.00000000   0.00000000     0.00074369   0.00000000     0.00000000   0.00000000
  0.00000000   0.00000000     0.00000000   0.00000000     0.00074369   0.00000000
    1    4
  0.00074369   0.00000000     0.00000000   0.00000000     0.00000000   0.00000000
  0.00000000   0.00000000     0.00074369   0.00000000     0.00000000   0.00000000
  0.00000000   0.00000000     0.00000000   0.00000000    -0.00118483   0.00000000
    1    5
  0.00074369   0.00000000     0.00000000   0.00000000     0.00000000   0.00000000
  0.00000000   0.00000000    -0.00118483   0.00000000     0.00000000   0.00000000
  0.00000000   0.00000000     0.00000000   0.00000000     0.00074369   0.00000000
    2    1
 -0.00129076   0.00000000     0.00000000   0.00000000     0.00000000   0.00000000
  0.00000000   0.00000000    -0.00129076   0.00000000     0.00000000   0.00000000
  0.00000000   0.00000000     0.00000000   0.00000000    -0.00129076   0.00000000
    2    2
  0.02314848   0.00000000     0.00000000   0.00000000     0.00000000   0.00000000
  0.00000000   0.00000000     0.02314848   0.00000000     0.00000000   0.00000000
  0.00000000   0.00000000     0.00000000   0.00000000     0.02314848   0.00000000
    2    3
 -0.02239595   0.00000000     0.00000000   0.00000000     0.00000000   0.00000000
  0.00000000   0.00000000    -0.00018599   0.00000000     0.00000000   0.00000000
  0.00000000   0.00000000     0.00000000   0.00000000    -0.00018599   0.00000000
    2    4
 -0.00018599   0.00000000     0.00000000   0.00000000     0.00000000   0.00000000
  0.00000000   0.00000000    -0.00018599   0.00000000     0.00000000   0.00000000
  0.00000000   0.00000000     0.00000000   0.00000000    -0.02239595   0.00000000
    2    5
 -0.00018599   0.00000000     0.00000000   0.00000000     0.00000000   0.00000000
  0.00000000   0.00000000    -0.02239595   0.00000000     0.00000000   0.00000000
  0.00000000   0.00000000     0.00000000   0.00000000    -0.00018599   0.00000000
    3    1
 -0.00118483   0.00000000     0.00000000   0.00000000     0.00000000   0.00000000
  0.00000000   0.00000000     0.00074369   0.00000000     0.00000000   0.00000000
  0.00000000   0.00000000     0.00000000   0.00000000     0.00074369   0.00000000
    3    2
 -0.02239595   0.00000000     0.00000000   0.00000000     0.00000000   0.00000000
  0.00000000   0.00000000    -0.00018599   0.00000000     0.00000000   0.00000000
  0.00000000   0.00000000     0.00000000   0.00000000    -0.00018599   0.00000000
    3    3
  0.04029831   0.00000000     0.00000000   0.00000000     0.00000000   0.00000000
  0.00000000   0.00000000     0.00644061   0.00000000     0.00000000   0.00000000
  0.00000000   0.00000000     0.00000000   0.00000000     0.00644061   0.00000000
    3    4
 -0.00833949   0.00000000     0.00000000   0.00000000     0.00000000   0.00000000
  0.00000000   0.00000000     0.00129339   0.00000000     0.00000000   0.00000000
  0.00000000   0.00000000     0.00000000   0.00000000    -0.00833949   0.00000000
    3    5
 -0.00833949   0.00000000     0.00000000   0.00000000     0.00000000   0.00000000
  0.00000000   0.00000000    -0.00833949   0.00000000     0.00000000   0.00000000
  0.00000000   0.00000000     0.00000000   0.00000000     0.00129339   0.00000000
    4    1
  0.00074369   0.00000000     0.00000000   0.00000000     0.00000000   0.00000000
  0.00000000   0.00000000     0.00074369   0.00000000     0.00000000   0.00000000
  0.00000000   0.00000000     0.00000000   0.00000000    -0.00118483   0.00000000
    4    2
 -0.00018599   0.00000000     0.00000000   0.00000000     0.00000000   0.00000000
  0.00000000   0.00000000    -0.00018599   0.00000000     0.00000000   0.00000000
  0.00000000   0.00000000     0.00000000   0.00000000    -0.02239595   0.00000000
    4    3
 -0.00833949   0.00000000     0.00000000   0.00000000     0.00000000   0.00000000
  0.00000000   0.00000000     0.00129339   0.00000000     0.00000000   0.00000000
  0.00000000   0.00000000     0.00000000   0.00000000    -0.00833949   0.00000000
    4    4
  0.00644061   0.00000000     0.00000000   0.00000000     0.00000000   0.00000000
  0.00000000   0.00000000     0.00644061   0.00000000     0.00000000   0.00000000
  0.00000000   0.00000000     0.00000000   0.00000000     0.04029831   0.00000000
    4    5
  0.00129339   0.00000000     0.00000000   0.00000000     0.00000000   0.00000000
  0.00000000   0.00000000    -0.00833949   0.00000000     0.00000000   0.00000000
  0.00000000   0.00000000     0.00000000   0.00000000    -0.00833949   0.00000000
    5    1
  0.00074369   0.00000000     0.00000000   0.00000000     0.00000000   0.00000000
  0.00000000   0.00000000    -0.00118483   0.00000000     0.00000000   0.00000000
  0.00000000   0.00000000     0.00000000   0.00000000     0.00074369   0.00000000
    5    2
 -0.00018599   0.00000000     0.00000000   0.00000000     0.00000000   0.00000000
  0.00000000   0.00000000    -0.02239595   0.00000000     0.00000000   0.00000000
  0.00000000   0.00000000     0.00000000   0.00000000    -0.00018599   0.00000000
    5    3
 -0.00833949   0.00000000     0.00000000   0.00000000     0.00000000   0.00000000
  0.00000000   0.00000000    -0.00833949   0.00000000     0.00000000   0.00000000
  0.00000000   0.00000000     0.00000000   0.00000000     0.00129339   0.00000000
    5    4
  0.00129339   0.00000000     0.00000000   0.00000000     0.00000000   0.00000000
  0.00000000   0.00000000    -0.00833949   0.00000000     0.00000000   0.00000000
  0.00000000   0.00000000     0.00000000   0.00000000    -0.00833949   0.00000000
    5    5
  0.00644061   0.00000000     0.00000000   0.00000000     0.00000000   0.00000000
  0.00000000   0.00000000     0.04029831   0.00000000     0.00000000   0.00000000
  0.00000000   0.00000000     0.00000000   0.00000000     0.00644061   0.00000000

     Diagonalizing the dynamical matrix

     q = (    0.000000000   0.000000000   0.000000000 ) 

 **************************************************************************
     freq (    1) =      -0.154653 [THz] =      -5.158658 [cm-1]
 ( -0.484062  0.000000 -0.002311  0.000000  0.008858  0.000000 ) 
 ( -0.455893  0.000000 -0.002176  0.000000  0.008342  0.000000 ) 
 ( -0.441106  0.000000 -0.002033  0.000000  0.007795  0.000000 ) 
 ( -0.425978  0.000000 -0.002033  0.000000  0.008072  0.000000 ) 
 ( -0.425978  0.000000 -0.002105  0.000000  0.007795  0.000000 ) 
     freq (    2) =      -0.154653 [THz] =      -5.158658 [cm-1]
 ( -0.003616  0.000000  0.478638 -0.000000 -0.072748  0.000000 ) 
 ( -0.003405  0.000000  0.450785 -0.000000 -0.068515  0.000000 ) 
 ( -0.003295  0.000000  0.421205 -0.000000 -0.064019  0.000000 ) 
 ( -0.003182  0.000000  0.421205 -0.000000 -0.066293  0.000000 ) 
 ( -0.003182  0.000000  0.436163 -0.000000 -0.064019  0.000000 ) 
     freq (    3) =      -0.154653 [THz] =      -5.158658 [cm-1]
 ( -0.008410  0.000000 -0.072802  0.000000 -0.478570  0.000000 ) 
 ( -0.007920  0.000000 -0.068565  0.000000 -0.450720  0.000000 ) 
 ( -0.007663  0.000000 -0.064066  0.000000 -0.421144  0.000000 ) 
 ( -0.007401  0.000000 -0.064066  0.000000 -0.436101  0.000000 ) 
 ( -0.007401  0.000000 -0.066341  0.000000 -0.421144  0.000000 ) 
     freq (    4) =       0.242573 [THz] =       8.091352 [cm-1]
 ( -0.006356  0.000000 -0.016696  0.000000  0.850608  0.000000 ) 
 (  0.001150  0.000000  0.003021  0.000000 -0.153930  0.000000 ) 
 (  0.001485  0.000000  0.006403  0.000000 -0.326239  0.000000 ) 
 (  0.002438  0.000000  0.006403  0.000000 -0.198665  0.000000 ) 
 (  0.002438  0.000000  0.003899  0.000000 -0.326239  0.000000 ) 
     freq (    5) =       0.242573 [THz] =       8.091352 [cm-1]
 (  0.369672 -0.000000  0.766080 -0.000000  0.017799 -0.000000 ) 
 ( -0.066898  0.000000 -0.138634  0.000000 -0.003221  0.000000 ) 
 ( -0.086339  0.000000 -0.293819  0.000000 -0.006827  0.000000 ) 
 ( -0.141783  0.000000 -0.293819  0.000000 -0.004157  0.000000 ) 
 ( -0.141783  0.000000 -0.178923  0.000000 -0.006827  0.000000 ) 
     freq (    6) =       0.242573 [THz] =       8.091352 [cm-1]
 ( -0.766260  0.000000  0.369724  0.000000  0.001531  0.000000 ) 
 (  0.138666  0.000000 -0.066907  0.000000 -0.000277  0.000000 ) 
 (  0.178965  0.000000 -0.141802  0.000000 -0.000587  0.000000 ) 
 (  0.293888  0.000000 -0.141802  0.000000 -0.000358  0.000000 ) 
 (  0.293888  0.000000 -0.086351  0.000000 -0.000587  0.000000 ) 
     freq (    7) =       0.693998 [THz] =      23.149277 [cm-1]
 (  0.000000  0.000000  0.000000  0.000000 -0.000000  0.000000 ) 
 ( -0.000000  0.000000  0.000000  0.000000  0.000000  0.000000 ) 
 ( -0.000000  0.000000  0.017173  0.000000 -0.705141  0.000000 ) 
 ( -0.049815  0.000000 -0.017173  0.000000  0.000000  0.000000 ) 
 (  0.049815  0.000000  0.000000  0.000000  0.705141  0.000000 ) 
     freq (    8) =       0.693998 [THz] =      23.149277 [cm-1]
 ( -0.000000  0.000000 -0.000000  0.000000  0.000000  0.000000 ) 
 (  0.000000  0.000000 -0.000000  0.000000  0.000000  0.000000 ) 
 ( -0.000000  0.000000  0.258664  0.000000 -0.040105  0.000000 ) 
 (  0.656875  0.000000 -0.258664  0.000000  0.000000  0.000000 ) 
 ( -0.656875  0.000000 -0.000000  0.000000  0.040105  0.000000 ) 
     freq (    9) =       0.693998 [THz] =      23.149277 [cm-1]
 (  0.000000 -0.000000  0.000000 -0.000000  0.000000 -0.000000 ) 
 ( -0.000000  0.000000 -0.000000  0.000000 -0.000000  0.000000 ) 
 (  0.000000 -0.000000  0.657874 -0.000000  0.034176 -0.000000 ) 
 ( -0.256971  0.000000 -0.657874  0.000000  0.000000 -0.000000 ) 
 (  0.256971 -0.000000  0.000000 -0.000000 -0.034176  0.000000 ) 
     freq (   10) =       1.159416 [THz] =      38.673946 [cm-1]
 (  0.007447  0.000000 -0.135139  0.000000 -0.003104  0.000000 ) 
 ( -0.038731  0.000000  0.702863  0.000000  0.016142  0.000000 ) 
 ( -0.017622  0.000000 -0.436983  0.000000 -0.010035  0.000000 ) 
 (  0.024080  0.000000 -0.436983  0.000000  0.007344  0.000000 ) 
 (  0.024080  0.000000  0.319784  0.000000 -0.010035  0.000000 ) 
     freq (   11) =       1.159416 [THz] =      38.673946 [cm-1]
 (  0.003574  0.000000  0.003304  0.000000 -0.135292  0.000000 ) 
 ( -0.018588  0.000000 -0.017184  0.000000  0.703659  0.000000 ) 
 ( -0.008457  0.000000  0.010684  0.000000 -0.437478  0.000000 ) 
 (  0.011557  0.000000  0.010684  0.000000  0.320147  0.000000 ) 
 (  0.011557  0.000000 -0.007818  0.000000 -0.437478  0.000000 ) 
     freq (   12) =       1.159416 [THz] =      38.673946 [cm-1]
 (  0.135127 -0.000000  0.007360 -0.000000  0.003749 -0.000000 ) 
 ( -0.702803  0.000000 -0.038280  0.000000 -0.019500  0.000000 ) 
 ( -0.319757  0.000000  0.023799 -0.000000  0.012124 -0.000000 ) 
 (  0.436945 -0.000000  0.023799 -0.000000 -0.008872  0.000000 ) 
 (  0.436945 -0.000000 -0.017416  0.000000  0.012124 -0.000000 ) 
     freq (   13) =       2.344153 [THz] =      78.192524 [cm-1]
 ( -0.000000  0.000000  0.000617  0.000000 -0.006826  0.000000 ) 
 ( -0.000010  0.000000  0.050828  0.000000 -0.562722  0.000000 ) 
 (  0.000015  0.000000  0.011659  0.000000 -0.129076  0.000000 ) 
 ( -0.000002  0.000000  0.011659  0.000000  0.801176  0.000000 ) 
 ( -0.000002  0.000000 -0.072366  0.000000 -0.129076  0.000000 ) 
     freq (   14) =       2.344153 [THz] =      78.192524 [cm-1]
 (  0.000001 -0.000000 -0.006826  0.000000 -0.000617  0.000000 ) 
 (  0.000114 -0.000000 -0.562722  0.000000 -0.050828  0.000000 ) 
 ( -0.000163  0.000000 -0.129076  0.000000 -0.011659  0.000000 ) 
 (  0.000026 -0.000000 -0.129076  0.000000  0.072366 -0.000000 ) 
 (  0.000026 -0.000000  0.801176 -0.000000 -0.011659  0.000000 ) 
     freq (   15) =       2.344153 [THz] =      78.192524 [cm-1]
 (  0.006854  0.000000  0.000001  0.000000 -0.000000  0.000000 ) 
 (  0.565013  0.000000  0.000115  0.000000  0.000000  0.000000 ) 
 ( -0.804438  0.000000  0.000026  0.000000  0.000000  0.000000 ) 
 (  0.129601  0.000000  0.000026  0.000000  0.000000  0.000000 ) 
 (  0.129601  0.000000 -0.000163  0.000000 -0.000000  0.000000 ) 
 **************************************************************************
